[progress][seq] epoca=1 | epoche_rimanenti_prima_stop=500 | tempo_trascorso=14.5s | tempo_rimanente=285.5s | best_cost=97286.047
[progress][seq] epoca=5 | epoche_rimanenti_prima_stop=500 | tempo_trascorso=70.6s | tempo_rimanente=229.4s | best_cost=94187.095
[progress][seq] epoca=6 | epoche_rimanenti_prima_stop=500 | tempo_trascorso=85.0s | tempo_rimanente=215.0s | best_cost=89908.192
[progress][seq] epoca=7 | epoche_rimanenti_prima_stop=500 | tempo_trascorso=99.5s | tempo_rimanente=200.5s | best_cost=89598.161
[progress][seq] epoca=9 | epoche_rimanenti_prima_stop=500 | tempo_trascorso=128.4s | tempo_rimanente=171.6s | best_cost=89368.208
[progress][seq] epoca=10 | epoche_rimanenti_prima_stop=500 | tempo_trascorso=142.8s | tempo_rimanente=157.2s | best_cost=89271.201
[progress][seq] epoca=14 | epoche_rimanenti_prima_stop=500 | tempo_trascorso=200.6s | tempo_rimanente=99.4s | best_cost=88153.363
[progress][seq] epoca=20 | epoche_rimanenti_prima_stop=494 | tempo_trascorso=287.3s | tempo_rimanente=12.7s | best_cost=88153.363
[progress][seq] epoca=21 | epoche_rimanenti_prima_stop=493 | tempo_trascorso=301.7s | tempo_rimanente=0.0s | best_cost=88153.363
Route 1:
Route 2:
Route 3: 14781 3093 750 10456 3761 6991 12631 10778 3697 13705 11160 5502 7696 14471 6135 9509 2351 7434 4469 1425 4204 5282 4820 9070 10092 6310 14160 1341 3638 2545 8221 13923 3976 15425 9689 2348 4071 5970 3338 4462 3513 2216 8379 14725 11486 964 5787 9338 10511 2476 8964 7191 14862 9927 12531 1503 11324 5071 12931 4882 9208 12950 3941 10167 4163 10586 15920 6934 6971 2776 1821 516 10120 12456 14620 8907 8623 10168 1107 1543 11328 5436 12402 721 7183 5178 2415 6379 4093 8106 8339 4392 14074 12346 5718 1841 1131 15583 3898 4271 5510 439 8912 10452 10620 15137 11457 743 11522 11069 5647 11360 9212 12565 6285 911 4759 11297 8425 10018 14099 14091 8828 2674 2605 5633 3256 3343 11488 7221 12168 11267 7236 8104 2273 15974 7337 4382 15801 772 2277 4780 10477 11952 15822 726 5185 14144 15548 13579 9548 7839 4319 3652 3980 2472 14015 13009 14199 9507 3860 13969 80 7986 754 10152 9614 5072 12584 13780 13287 13000 2154 6316 12352 8254 5853 7891 11667 2243 7910 10500 15469 7847 12380 5193 2581 13098 14340 5737 3886 8847 10105 9895 8861 2316 6530 14364 13099 8185 4807 10958 13795 15263 1134 3904 7136 3270 10106 12943 5579 14565 10008 3254 2846 7940 1465 5366 3794 2826 3237 9943 1875 1430 2228 13112 11395 688 5443 2459 5349 9839 4357 6946 2158 6847 3323 1293 1294 1655 1686 3659 10944 2046 5983 13852 2466 15289 15942 8789 10873 12888 4989 1759 9047 6988 7892 13374 10306 9684 1794 11361 11424 14638 8438 7732 2035 9146 144 8312 10619 3950 10362 3073 1246 9574 10871 6891 4915 4661 6654 174 2692 10390 7477 3528 11140 11884 1062 3777 5012 14658 10681 3920 14435 2400 11973 139 8778 12708 15276 11146 13074 10086 13504 3822 3712 14498 12982 12014 1596 4730 10482 2208 12469 5878 8189 1197 2439 9829 13640 9852 13153 2584 5085 11147 2567 11299 8122 9221 11806 769 7768 6098 7207 14326 7126 13234 7572 5515 7743 7414 6214 5586 3352 2587 15297 9588 6383 1809 12065 5143 10921 9137 1073 4132 9031 423 9455 1198 5962 3910 9755 10764 4022 15424 8626 9602 14053 13575 7102 1762 15168 6059 4906 14095 1571 844 7335 930 11471 15596 13370 5397 15538 8579 12045 13115 14746 4954 922 1773 12945 9017 7517 534 10498 885 332 6264
Route 4: 6868 14079 14992 11582 7878 14175 4107 10579 6082 2582 9166 5618 8572 3740 8372 4547 5227 9741 1981 9126 5592 5449 7086 7678 1640 8724 12578 14194 10124 13906 790 7695 2820 2267 5040 6062 7559 4048 10031 2873 15685 4145 8090 14195 10440 8262 2432 1022 11574 12171 10981 14360 3008 9737 9685 6646 13055 3544 13558 15419 8176 7159 5561 7636 9891 11509 2766 259 11646 8674 15146 7151 2813 12790 124 4387 12910 7616 10601 13082 12608 9860 5078 11994 8857 11443 10889 6644 13409 8276 14250 9583 3314 11813 11353 9866 4571 2112 8004 2977 15999 12191 11539 12323 3138 2427 9402 15164 7406 8008 7790 4769 5623 10077 14814 3646 8560 12920 9671 6370 12600 11961 6083 12545 6785 6743 6606 11428 15252 9716 4318 2318 2817 10851 2549 10240 6757 1284 4558 15219 319 15188 13711 6972 5742 1353 7476 7682 14070 1176 5696 15682 4744 7874 9840 10001 997 12749 9314 10984 10798 13808 10691 2648 14572 3572 7889 9901 12363 6950 6523 14127 13007 11183 12022 11773 7685 1360 2291 2230 11648 8409 9226 4358 649 15720 9187 8273 5910 6775 8039 1126 15064 10277 6854 5396 2188 12669 13093 1263 14303 6539 1266 1926 7481 4704 13049 15927 13855 12336 12866 5224 5181 2803 7543 8031 7485 6574 5311 1125 11625 5253 2197 792 7692 3924 3490 10171 10115 8297 13835 15351 10855 13717 11071 10185 5291 10338 10388 4922 625 7748 8000 3685 15802 3804 12862 11425 2150 9561 9129 7631 15746 6394 1675 6938 4859 1404 1455 6621 8913 806 3253 3174 149 406 2902 11435 1813 7937 5783 1213 8470 11499 2970 2447 5976 9705 14107 6248 10079 6659 1041 11078 7626 15262 10802 15254 13193 4784 13322 13261 8594 10169 12813 14272 5243 5170 4171 9108 15529 9232 2536 9056 14736 5960 12851 14823 5386 5727 15602 15850 13210 6725 1956 12721 14759 9125 15776 6409 8755 1351 2922 2143 9937 2518 10091 9010 3349 9479 1971 7654 15062 13336 6994 8118 895 13196 5080 11276 2037 1609 6917 9190 14184 704 2538 10602 2396 1442 7522 10208 1491 7209 12735 3015 3516 11518 15988 11968 933 9229 5306 15403 12827 7740 1597 10054 1943 2269 6778 9461 15749 1321 3241 11869 5103 12280 10061 5244 13213 8752 10255 9015 568 6815 7622 10748 4380 8304 1579 449 13908 4373 3610 9264 13611 11456 13339 8335 14535 84 13270 6928 14158 5756 9813 5678 12692 9732 4216 687 8487 6698 7684 8073 8693 7359 12388 12731 5843 5204 3831 12076 532 13019 6325 4025 7493 7179 5615 13599 6516 8831 6679 5654 12052 8246 11819 6399 587 1158 10518 15054 15953 3144 4231 9404 13646 441 501 2746 3818 1582 11484 4092 3048 1685 273 2612 9824 6712 9328 9497 5959 14268 3507 853 7093 2387 11586 2620 14341 6661 13075 2952 3971 5506 2871 10557 7751 2422 6136 12935 4576 10955 6593 9306 980 2344 12214 14412 12787 9277 5605 3211 7484 13842 3424 917 736 8460 15574 6658 7753 13624 4459 13346 4970 11352 4076 11976 11430 11421 15156 3857 3091 15716 4300 9910 13862 12378 1840 15792 12092 10864 12525 8085 15253 4888 11502 5755 2789 5258 6025 9176 9391 558 11948 10545 12773 8215 2497 11543 5782 9076 12349 9967 14801 9902 8748 14835 6822 15152 8407 14619 15773 6634 5200 9540 7253 476 9128 14768 5077 15638 5934 5814 10857 10457 13720 1282 7400 12626 656 6440 3297 7006 3430 5272 13118 8261 2218 2134 3261 4344 4615 804 2874 1554 15448 8382 7691 335 14694 15452 2283 2848 4190 12155 13101 14997 10633 7936 8562 10360 3104 15272 4943 13710 2758 15560 9117 8370 7028 15539 1838 1143 14269 11379 9051 13164 14462 13737 2129 3568 10948 7438 12532 2890 5794 9896 11542 4484 6538 12418 13667 751 5941 2436 196 15337 14762 9498 3578 12881 14815 10763 9244 11867 8773 6731 3689 2717 13084 6006 7681 14266 10870 2032 6291 8029 2429 2779 15947 6860 11402 6336 4374 5278 7391 4541 3524 14333 3548 11427 13205 9879 13444 15447 7652 6881 7532 12672 7902 9543 7137 5458 6426 1230 14228 10904 10048 4656 12282 15345 15155 7251 13018 5402 9538 9053 13456 4369 4594 14010 9227 8786 3751 4946 9111 10800 15719 11828 11508 3006 5102 61 3797 9025 336 9996 9138 952 4540 10625 13738 15237 300 5811 13376 1472 12877 15446 9897 3874 7608 12967 5284 5427 12640 7816 3727 14961 12934 12745 4825 13202 9431 3393 14944 3997 6782 12462 2574 15717 3432 11093 11540 1994 15040 513 1669 7657 14145 6070 14628 12964 1666 13271 13463 2072 10403 5924 7925 8996 5066 15897 29 3532 891 5047 1439 7642 13470 5945 3421 6825 14342 7803 3595 3756 7121 1462 15910 3399 12980 9425 3089 10568 907 4465 11301 14577 11403 5689 12493 2149 2711 9195 11918 15034 8079 2780 11921 580 2340 4422 5487 6614 13631 9446 2251 3288 14151 11380 7437 12714 11442 7971 10808 10581 10884 4898 6874 10038 6695 10411 4996 15394 7717 8401 6014 6926 7540 498 9611 9650 3067 10504 1753 12148 1168 5706 13722 12 14375 13938 3039 12878 10058 11354 13047 4810 344 11963 1485 13310 13363 1084 892 14418 643 339 15558 8608 7734 15455 13035 9843 5106 250 3380 2235 8627 12512 7371 4762 11258 3757 4566 15012 13821 13369 3120 9063 87 12309 4007 10272 8884 2666 5559 9926 14932 7808 12060 15350 141 6275 13166 7716 8972 8053 14430 1789 7778 1784 7320 6120 6227 2566 15938 6389 2210 10243 11437 14586 1088 15002 7044 2480 1488 4407 7397 6942 7701 1349 5908 12756 5157 14786 1002 4963 6333 2927 1620 5146 10629 10141 9828 11548 15506 13523 1162 13296 654 1555 11572 13981 3576 5 1847 5319 9410 11495 12743 15293 5777 9276 13342 1744 6126 10727 7491 1428 2053 4957 4539 277 15411 13903 1801 10033 841 1271 14348 5884 15073 12231 11470 11325 1917 7916 3311 5463 10874 5785 8213 8871 9765 6504 3546 7003 14092 13382 12893 5913 7270 5114 14732 7758 11045 9492 13684 15412 6733 9363 4214 14477 10580 11204 15733 7598 1368 1805 6551 7650 6578 13126 14927 13807 9862 7055 12190 3206 6211 7314 13267 9656 6239 813 14415 8946 11095 268 2613 15013 5572 11006 12922 5341 6058 9072 11526 13264 13263 4157 10603 7385 10297 11815 8602 2721 3656 1248 1037 11929 4743 6568 3743 12386 7264 438 7797 13425 11279 5740 12817 15187 1331 4908 2059 13373 8662 3023 14755 3401 100 1853 10466 9753 3953 1852 10555 15072 7429 9273 11248 4535 6156 10078 14297 8483 8544 3567 8971 485 14550 2956 6481 8955 71 1636 3409 3926 3290 14501 6966 14693 5087 9145 9180 9960 3484 15786 7952 1393 13873 15774 15520 3342 9134 10770 13021 12321 15236 361 8982 227 12923 341 15192 14969 13308 11233 11172 13578 4932 4939 15428 8754 159 7578 8461 3505 10024 661 15347 12385 187 4964 12937 2945 5772 9728 6 12632 3317 3990 9389 342 14119 9875 8622 13429 714 12212 3683 6629 7958 599 1400 13158 11914 10553 3798 5659 13991 14589 4109 9215 4627 7658 5682 15286 248 452 1600 2697
Route 5: 13756 15911 9403 10672 12389 15790 6105 10068 7718 7530 7139 8112 6431 15178 14753 14395 1229 13043 6965 9542 3628 1051 7447 7903 12396 3536 12459 14637 9544 597 15809 5233 10535 4867 15468 1278 13314 9835 15819 843 15060 13565 10899 4432 7030 1940 878 10433 5212 3510 13348 15247 5988 4833 10697 15484 10055 2467 851 6188 3020 6297 9481 14294 1525 7611 12804 14251 6561 2350 10575 15961 5267 13804 5332 11694 477 14352 11216 2234 4334 7539 14004 12498 4776 4352 7953 647 5958 301 10688 14930 11459 4655 13485 8730 8947 2845 6700 15861 5303 7544 7833 7011 15260 4513 7156 3018 3234 7784 10302 11965 15380 9668 8977 2219 133 1568 7248 8788 13194 1949 7193 1897 1221 261 8501 7133 5367 14691 12406 7140 1690 1071 7192 7168 12026 11268 1527 1251 2233 2532 4415 8329 3307 234 6387 1470 910 12536 8919 5206 12037 6867 1758 15553 3235 13476 14553 5842 8352 2416 7928 9231 4791 13381 4900 4179 2231 11613 1914 5681 11252 13545 7592 10528 517 14245 7754 12835 7801 13751 13123 14064 5848 5745 3693 75 13325 5027 291 15554 7836 2094 15814 4991 3897 1979 15385 12292 10926 6500 11889 15331 12107 15177 2833 13500 15644 1259 15750 618 8128 14162 13201 11215 5474 2624 11996 4830 5989 13 5448 5573 6405 338 13121 1446 10282 15918 418 6208 4077 14218 11487 15105 4468 9781 7804 3459 6875 13246 9197 8449 6873 6861 533 9049 12891 9825 5705 15741 8117 6232 14622 15765 8420 7848 832 1217 8120 11935 11844 11027 13904 13636 11571 2363 4860 15820 12125 6557 8317 220 1573 9069 3495 13402 9681 12260 1486 12180 5540 3118 5454 11040 3071 11956 10862 2023 5816 15645 1625 5363 3277 8515 6231 14813 12965 8647 1413 13508 17 7585 14170 5869 13735 15139 13512 1791 622 14262 6052 15243 11833 520 9471 3826 15601 11464 4675 7607 7105 5364 24 9555 15083 7038 10197 10228 6265 6340 7587 14212 11418 3351 4364 15183 11821 6320 6927 1279 7633 3998 14167 10076 9245 2119 3762 5091 10073 6357 6347 2550 13217 2021 15859 4697 6038 3789 7827 3489 13292 11757 7697 15094 1034 9390 13895 2702 7831 9581 2367 13928 9322 9453 1580 427 26 5695 7249 10483 12561 7570 11452 8403 6886 9694 13894 5042 6650 14386 4684 8966 3088 6304 4549 5219 10815 14735 13464 1336 11408 9533 9723 5675 5092 6789 9759 15636 11524 6326 8005 9947 2438 3749 6384 6244 9164 10003 6491 11765 117 7526 5993 2562 11235 4229 3873 15429 10492 15619 5508 67 12384 4646 5751 10447 2487 4398 9315 8550 12246 2049 8191 6199 1012 189 42 10946 8589 13635 12513 11041 1153 9448 2628 4427 1297 2649 7975 8337 4942 1466 10940 13328 8639 10348 10242 443 12633 3737 2925 1374 4966 14440 8419 13661 12769 10100 6430 5850 10342 12071 1732 6602 685 15708 3149 14336 8880 13648 10257 8301 8480 5620 7775 11455 12165 14617 3647 246 225 15065 13987 9635 521 8811 12131 7405 5566 14244 1013 9819 10070 11214 14020 10052 6806 3679 13550 5294 6936 13445 13845 10670 1798 4793 1751 488 1497 3620 4705 2799 2182 4817 3096 2663 7673 1290 8200 6692 8046 1224 904 14350 10611 7431 10232 2831 10382 8535 7824 15526 15629 6345 13619 12201 10552 2700 7962 12514 13085 15165 6207 12145 347 8044 15534 11105 7898 2271 13883 12775 13930 14558 12715 302 10777 237 11588 9654 8346 11802 6113 5509 241 1181 4137 6296 1761 395 1673 2272 256 2924 9068 1844 12158 8248 1445 3292 7372 4297 4354 9752 1283 7737 15208 6029 1194 5588 13151 5668 2759 8836 12915 5251 15058 825 14485 11555 7959 12730 3996 10035 2667 2978 1471 14001 8184 5360 5978 1204 6466 9061 5830 3928 4749 30 12495 13274 7297 1876 15353 10538 4141 12270 12894 1099 7785 9955 9969 9609 7549 2638 2164 5497 12880 1268 13634 5569 15757 11426 7687 2999 12867 1216 811 3003 4073 15815 11410 10520 15647 2602 4238 12682 1663 14120 14153 12606 8482 6101 13765 10729 9550 10273 4426 6237 10509 1447 11841 1900 15355 6302 3390 5068 14024 808 15681 966 14186 602 7840 2314 1018 4134 7935 12592 11444 12055 15216 8554 4123 13458 11117 13013 15898 12818 15514 11451 11052 3592 2508 2329 8534 2798 2682 12221 13643 7478 14967 14011 10374 15488 179 1459 5132 642 6653 6908 8009 2012 74 15535 1383 3562 4454 14059 9691 13394 7987 208 10439 6905 13587 5757 12680 9520 5379 3128 2349 5173 13214 138 9057 2147 12557 2008 1970 4162 1399 4592 13709 12873 3195 14818 1135 10328 5583 9657 10521 18 2857 3452 96 15895 5308 3344 10364 12237 9131 9514 13909 6904 15509 4471 13601 2308 15874 14123 14771 6765 4799 1822 7278 6447 2328 8173 4714 11392 8426 3100 11705 3994 2908 12567 14549 15715 9820 1874 9585 10571 10863 4504 5126 11505 15769 13813 11992 12119 2565 3326 13497 4853 6999 6249 14886 2804 8321 8990 10262 3875 1929 10429 3121 4159 11234 15363 13668 9631 4962 1369 15939 3473 13404 7464 3605 8036 8166 15421 6657 3936 6768 306 11209 14671 7457 681 15287 1984 15008 11032 9282 3116 11999 10892 15142 651 7739 10737 13349 8336 3545 2058 10116 8685 8904 8628 8096 5516 13033 4687 4895 15487 5826 10479 151 716 14068 15649 1343 15937 4112 5987 14935 1760 13581 2903 10595 5135 7830 6878 13972 1866 7919 6640 7972 9181 5055 12179 2151 3607 3247 12797 8234 3899 4789 12259 13281 10094 11210 2806 9077 13330 15144 13878 14302 4488 4740 12034 14966 11577 6192 7858 219 15659 7071 5741 12806 2460 5330 2546 14201 8846 15057 3993 13569 8328 14291 8723 2249 1409 1737 3686 10790 3329 473 13749 14335 13254 7705 11031 12620 14443 3571 6818 12763 12400 6595 6253 7234 11795 2092 5499 7454 2168 12297 3682 12487 11960 7355 10963 6410 10911 6395 13974 767 4587 1045 1851 13189 1407 15705 10561 8190 4110 5176 5353 7702 3746 11599 1411 14434 9994 683 2693 4322 2003 1934 7284 3716 4327 11553 3268 9882 8555 2784 7669 10138 723 764 15494 7591 6057 3662 12574 9859 8944 12463 14142 4125 14596 9336 3047 3157 2616 12068 13114 13503 3529 6373 986 10005 8207 6987 15513 6225 2901 5871 81 1607 15688 8807 3711 2002 2474 7885 11128 3887 6916 12340 4824 14088 15998 6760 803 13408 14413 9778 2084 1769 7489 6963 2821 801 8316 12228 8125 3896 14249 14733 3105 12617 4444 6351 8347 1219 11812 14385 1589 1818 518 2892 1612 14673 15868 9810 5698 2108 3790 15459 1008 4794 3666 14864 11364 12855 5254 10907 14258 10643 8529 4368 10961 11461 5105 2886 13739 2034 2114 15707 150 8815 5527 6956 5160 9557 13319 5283 6977 11184 11971 1133 1639 4735 11670 11043 10268 15150 15005 10910 7541 14084 11632 8610 7070 7090 1707 9972 13088 15766 9100 7556 442 15296 9864 12689 2715 10927 7109 7643 13665 12506 12801 6015 2522 2741 4391 9651 4043 15225 9467 11003 9871 15100 4222 8889 8017 3451 7393 1545 10069 12569 9400 11847 7002 3375 13236
Route 6: 8210 15048 164 460 8854 11725 591 7321 2837 5122 9447 13567 596 11294 14432 2481 8378 8916 3097 15890 4809 2654 7864 5162 3547 13199 370 7103 10497 2142 10284 1781 7745 5829 3769 13080 1826 14639 5820 5537 9370 11967 2643 14949 11244 15294 9254 12302 11735 15581 1061 1729 2464 15857 9211 5059 9040 2856 6169 8757 5099 5373 6103 7548 9335 1796 6869 15158 6479 7551 14152 1501 14894 10514 11876 6024 14361 10652 865 12467 495 1756 1164 9116 14414 5038 5302 5928 9259 1950 3574 14770 5236 94 5763 7490 2311 4348 8937 7110 3007 6546 7647 13335 6355 1594 6841 12520 12081 13666 2019 6932 4005 2642 3223 3461 6080 4280 2355 7230 1128 7172 10349 974 13390 9682 10491 3079 15356 7266 8766 14787 5134 2720 6003 14056 8511 15608 15288 11102 15316 9094 10856 8493 10095 8598 5898 5817 5121 12568 7923 10640 73 2575 14332 15338 7 9011 10563 9711 7027 509 13731 4798 2695 2196 10901 13002 13879 15748 7095 1628 3403 6699 8573 1958 10164 15796 62 465 14057 3173 4473 4400 8013 5747 4718 11800 9670 10298 7627 13588 11476 3487 3183 474 6193 4466 8252 9267 12526 12253 5881 5112 11681 2225 12067 9646 3158 5423 6980 1930 12750 13572 899 12789 9082 13011 2926 11329 6831 15493 11908 11199 3750 12236 13777 7211 14345 6319 3246 14023 6256 10814 7180 10357 6035 8870 10016 2076 12621 3876 12605 504 13365 2146 7111 5259 15639 6476 3358 4201 6623 9545 3140 6416 10044 7977 6464 14191 9718 8249 11710 1795 2949 14506 9443 8130 3811 4880 5337 11465 4788 4413 1384 15415 15976 2975 6060 12659 114 11363 13559 8410 13253 12194 7041 9649 13983 9034 13988 13702 8641 9466 7450 10709 10587 727 5927 5108 12287 11601 5715 5655 9861 7158 12149 15694 3382 9394 4947 13890 5249 7547 3282 5999 14876 11907 14093 5628 636 1754 4386 7263 5621 5963 11182 9647 4753 1843 619 1960 13589 15519 8817 12342 121 616 14384 5841 12625 12725 2433 978 15435 11219 6178 12075 556 14737 10909 2555 14149 9590 9780 2942 826 10499 4266 15211 8250 15215 944 6513 9474 13216 4028 8531 3198 10408 11378 10407 6186 10270 13727 10811 4747 5859 1003 9109 12831 9763 3369 753 1887 10886 6829 9456 13658 6165 1945 10788 1935 8777 2102 15439 1091 12610 2163 15545 14315 12944 6050 12921 11551 15510 2947 9329 13907 11394 7036 5768 4324 3483 2676 3587 15038 10885 4243 13468 4669 12764 10386 4813 9675 10329 6380 663 5903 15458 13698 9667 9261 6158 4607 12186 12143 10632 12277 1053 8866 3870 8353 8881 3674 15512 3792 5522 985 11141 15876 11099 12850 4848 14100 12268 8936 5847 7046 2080 4038 11742 3386 10960 10335 1912 3287 7638 1768 13030 7711 5161 10779 14957 10793 6690 113 6353 7334 9534 5939 1850 3476 4976 7455 110 3664 11396 10756 6096 11331 1869 4518 3053 7983 5929 5489 958 1299 13028 6903 11057 7466 10647 8485 333 9003 1849 7756 3077 10525 15119 3559 10678 6434 4315 6037 14271 366 13830 10097 10104 6451 9616 6565 5223 4852 6639 7018 13654 2963 8663 6084 2737 3735 5952 4115 7117 8583 8488 9822 15172 7435 12310 263 10202 14604 8952 12379 5580 3357 15747 1556 5060 12949 10734 2997 4264 2326 14665 5030 14289 8099 9692 14197 52 15855 6487 13108 11691 13573 3846 10034 4724 7665 7772 3909 9672 13073 14327 6406 132 15686 6159 12359 4916 2750 8958 5218 4850 11807 8397 2288 7419 9566 10645 6613 12832 8012 1115 6959 5602 7202 14610 2317 8448 10489 6797 2714 12215 11640 7998 9016 12306 5168 1677 14644 8998 14235 4552 10694 11409 1416 455 14406 12552 13053 9210 13875 7573 9238 13163 12308 3383 4234 14105 7020 6781 12674 9634 14965 2140 15977 2950 5965 9102 2099 13920 13145 13094 3952 14532 5183 13964 6223 11369 5237 3337 2096 2029 7536 469 14891 12999 13332 12630 8961 3310 13301 8047 864 4060 9664 6787 11060 60 4210 4404 4917 10847 1591 7147 15932 6857 11602 3416 1065 1100 15115 7967 6722 54 4164 10794 4272 5545 8630 11127 13318 2213 11229 7422 15096 15660 3534 4370 13487 10319 2088 6687 7841 12216 3583 15022 118 12901 9326 5582 12589 10752 1480 8592 14556 15410 5520 9334 13359 3325 1414 2250 13110 11338 223 12192 10289 4734 15066 14567 11933 5266 13675 15230 9348 4948 14726 9777 4193 269 1816 3843 12001 14445 3435 10849 10013 15371 6704 13792 11475 1111 8894 2801 4745 11652 2748 5301 12811 8016 617 7703 6021 3303 9713 11676 11035 3019 1972 12441 6362 5256 15426 8967 11429 14750 9416 1144 12427 10784 846 4200 14816 7792 7426 7272 1660 1418 6948 5700 9851 8086 214 7630 8033 6001 10056 3334 15678 12304 9619 8611 13637 5410 1989 11722 9743 12170 91 14836 11901 15404 11050 8434 5014 12373 7291 2074 12839 13182 10639 13377 15684 15691 1075 1670 1494 7580 3853 13694 9219 14035 4329 876 578 3880 10126 11793 13740 10853 8233 5211 2593 9043 13956 5649 7037 5214 11880 13350 3285 5977 53 9373 788 5921 6356 14580 4187 3648 6562 7260 5926 3677 3560 4428 2918 8768 1211 7220 8098 7500 4293 10204 669 1764 5081 14400 11422 4446 11046 3389 14531 14841 1187 9353 8089 2418 2100 1036 8736 3250 9294 546 8767 11660 9905 5461 6183 4733 13993 9071 3604 4202 2719 6427 13564 15379 15386 11479 6921 2744 14979 11536 6206 11017 14923 13488 5576 14635 2755 12299 15975 12582 14429 15028 9726 15668 9607 3919 11181 102 6719 2524 112 7660 8853 11453 137 11271 2145 6792 934 705 12958 9696 9045 2685 3046 12364 4317 3692 3736 5350 5116 3569 4405 1982 15782 10722 1329 374 13017 9877 10071 5750 1627 6525 9510 1691 11610 7145 15934 3618 528 4821 1481 10053 13286 7302 8927 601 11227 4254 378 13417 11477 11247 2260 14282 12337 5636 3815 8142 1857 15613 232 6177 15217 15229 11769 779 6202 3787 5186 4366 15184 3153 15030 11498 12118 11944 8255 5954 5610 14774 14882 15931 1937 11798 3700 833 6752 3167 2679 1307 11706 5966 10334 3540 10409 15384 236 7637 8742 4245 3962 12668 11925 7750 6737 5915 5905 2374 2939 6372 8383 3786 6510 15531 9255 1097 1354 10986 3232 11399 4277 13338 5409 4247 6112 1680 1313 4686 9904 5235 10391 14587 14989 11460 8294 15250 12777 8258 4441 3322 10037 6717 5995 9147 7246 14241 15281 11864 15722 5422 14675 5892 14504 8404 6501 5577 10573 13159 11751 2390 16000 14777 6210 10692 5899 7309 265 4822 4049 11014 8799 5524 4657 4497 9188 6665 216 9499 15973 4999 1212 4710 11858 7560 9939 6205 5643 883 2791 13803 13672 1434 5001 13948 6423 1626 5213 12722 889 3151 5064 8805 3092 3883 1346 8097 14203 14744 5485 1122 14353 2171 15657 13774 12461 9576 8293 659 11202 701 9974 15571 7255 15630 4637 1312 14246 881 8182 5828 10819 4236 12473 2772 13003 12634 11021 10064 4016 14312 11061 9209 2133 12383 9929 1504 12410 10616 10237 5504 15840 7040 2774 6625 8042 4014
Route 7: 8041 9085 8970 4186 9174 12465 10213 1202 1244 15948 12629 15310 11512 3392 3059 13293 4650 11626 12500 3244 8561 4420 676 10380 4767 14447 10002 8418 5177 14270 1159 10308 5286 7900 7204 7948 10359 355 10261 12821 12276 9965 2526 2180 2520 8707 2286 13461 9669 12926 4129 5004 14205 4037 5855 1357 229 1863 5507 7856 14809 3730 13736 11701 1692 13309 6678 9265 11796 6677 8509 6087 11436 5870 12742 14667 7199 1453 845 12588 8458 7445 7639 8796 14073 11072 8459 8043 14206 9127 1440 4078 11148 11926 6324 1448 12870 3901 2753 14985 15564 15508 2964 1182 1359 13245 8484 9397 2482 11628 4445 2579 12182 15635 15474 9121 2031 9873 5567 3057 503 15958 11157 2544 6954 562 15108 12778 14147 14977 13606 7143 12196 14222 15689 14896 15235 1005 4474 8066 9676 2354 12762 14192 12000 4651 6056 7557 10178 4582 1665 15335 14285 12523 4416 6564 6247 127 783 10817 8020 8737 13664 1155 10363 13191 10687 9769 3745 13231 5275 9371 12423 15358 7537 694 1712 8068 12503 8302 1565 10464 8431 11193 11094 11792 8384 4081 1256 5856 9993 7099 3219 11282 8586 1019 13919 11218 7449 4396 13149 13141 4042 11030 11768 8129 3991 5882 2358 12457 2054 9842 1710 11700 13398 11211 9760 12248 15524 11020 967 3951 15478 5395 2553 242 2636 4274 14264 10442 1058 9652 7921 8787 15325 4062 7563 19 348 7982 15615 12968 7379 7564 11697 1703 3542 11665 11885 11891 5155 8456 10219 13772 5304 13708 9595 11734 6419 13484 4754 8974 12298 9933 447 1750 924 6094 10718 11101 6810 11778 5156 2024 5459 6396 1104 15103 14491 10437 5902 5851 1333 3670 2764 4691 9055 360 5437 1239 2916 1947 1743 7373 3713 15726 14719 2125 8733 10351 3715 2005 1110 6846 3190 12421 15666 1103 9199 14884 4209 12366 4563 375 1881 4355 4095 12812 4491 2769 12662 3596 14877 7461 6119 11894 12429 7700 10267 4911 2618 14618 10964 634 1027 2132 14050 11677 2946 7759 3580 5025 12100 3078 10786 1240 1954 12744 2155 3188 4015 805 515 13016 793 10102 8991 11594 3938 14497 8103 9632 14851 9178 6385 7132 10478 1592 1422 7068 1350 4965 5974 6842 7649 13863 10953 15460 4884 9436 14524 12320 7807 8692 7495 3445 2242 14648 569 7444 9216 7261 3192 12444 8023 840 5630 6438 5357 6224 13496 4503 10415 11064 10882 8793 12003 14621 4891 14940 1444 13918 729 14670 8635 13881 5505 11668 8101 9727 2500 3119 7757 12249 13077 2014 2560 3429 5462 1415 9342 12517 11208 15966 6862 3709 4423 9274 1319 2699 6454 14066 6433 9890 14552 1426 8345 10469 2141 11405 11150 2751 5148 7307 13036 14349 9698 8621 9846 1899 11090 1238 3064 15993 1802 292 8354 38 8908 4419 15605 2456 3181 8127 719 11569 3917 6594 4431 4166 5992 9388 14811 13966 9870 8706 4910 5501 5991 8498 2502 8376 7329 8034 541 1825 3286 2609 1542 10330 11143 10957 14727 5694 9293 6662 6515 85 3872 12488 7668 251 1201 4067 9575 9333 167 5834 8845 6281 14252 14231 10059 1584 1334 6235 9573 10311 2644 14044 5403 12172 6855 10773 6258 12767 11980 4217 5029 4267 2186 7909 10630 7970 15344 15161 12960 2191 12690 7235 4674 4920 1208 10365 15995 1082 3739 8049 12650 11896 3691 5329 8194 11088 7254 1001 9562 5683 4956 6741 1803 6309 3970 1063 12845 6718 10766 15196 11176 7059 12234 14745 8923 3472 8726 13076 7218 12765 7024 12658 6460 13520 4972 334 11852 5917 9024 8698 9058 9114 3411 10451 1909 7576 2681 3895 4837 3037 10663 4998 10799 15101 14545 5622 103 5541 5568 744 4924 5104 9290 6097 13229 5581 9693 7229 9924 2651 11386 9869 2352 6922 3201 11690 15968 5024 2659 464 4781 2275 1055 5179 1241 4546 1381 14541 4896 6157 8080 8848 2051 6962 4831 3498 15154 7287 15234 9278 579 610 14148 6308 11877 15051 7063 6763 1304 3836 776 3877 11355 7520 13116 3954 15175 2839 15646 11669 12206 4198 10083 2378 12992 6866 15599 9343 11053 14588 10791 8095 869 317 15498 7408 6832 1893 12595 10854 13178 2440 10723 6729 10565 34 7049 5557 15677 15505 462 6267 3210 7755 13192 2169 14700 5778 1957 15628 3729 8632 14133 10448 15891 12226 6895 6055 1178 12395 15730 5650 1586 11969 5222 8775 8665 12007 11005 6197 9167 14983 15670 1585 10453 4292 9386 1706 12184 9898 14002 2557 4531 842 8969 15551 13553 15886 12325 13081 1474 12111 116 7561 15543 3255 1746 13980 10915 1382 15376 15579 6685 15491 8177 11480 9359 365 8455 7742 1749 1451 7733 11650 6964 7219 9699 12834 5968 13144 12085 11264 3306 8186 3968 12224 15698 8827 3960 8989 4232 5677 6997 10759 14920 14366 2266 13812 1905 8235 10230 7326 7029 5406 8152 8833 14576 715 13934 7381 5280 3455 4601 10685 10133 13453 2304 6914 15361 1815 2107 2844 3214 8367 6233 10512 15986 12449 39 3362 7725 7730 9537 11414 8651 9571 2899 9798 12997 9250 2754 5799 2547 6524 10698 10007 1355 6313 1783 827 2335 9299 9908 10417 1895 5036 12932 14114 15318 4498 8081 10833 15242 10650 1718 14441 9506 11978 10834 13586 6181 4056 15471 10765 14832 10150 13446 5666 8393 4980 614 7689 991 1526 15044 9140 14368 13929 14729 10673 8519 8731 6465 10719 14756 1748 10532 4199 13712 880 3844 14204 14321 1089 748 1775 11661 11077 650 14263 325 14000 3767 5664 10991 9770 8850 10805 2590 6066 6581 5631 15830 9130 7502 3948 1962 15994 13395 8389 11958 3114 10067 3427 8415 1919 8597 2934 15578 2706 8001 7929 12134 14399 4926 11521 14652 10703 6939 7164 14318 4475 8365 611 8940 4461 8697 8143 12240 5296 8781 1396 3617 1581 3821 13431 874 9964 1782 6004 15047 497 6312 494 14347 9307 11316 959 8362 3231 12660 2167 11713 3400 8082 13859 11830 7671 13671 1676 15197 8718 11902 3243 3045 15249 2773 14599 11760 12311 184 5766 2662 14365 14475 8951 8565 11517 5151 4716 7769 14410 8688 433 3841 15436 9627 11776 12753 1376 3930 15089 13331 14108 8503 12078 13783 9591 8022 9916 12163 11241 15612 8567 12318 2452 7897 384 8680 430 8830 5382 13233 9096 5192 4263 2800 9612 97 11232 7130 7342 14742 10493 2880 11082 7545 8740 13326 976 3082 11177 15922 10345 12484 10339 8236 839 7358 10046 11372 746 1646 2725 3842 15979 294 15745 13220 7724 10706 3391 11623 9484 789 5793 6788 10443 4395 4219 13157 15106 10859 8580 7619 11754 4328 5013 282 15842 4483 12278 11932 93 604 1392 2453 2668 1664 1302 2160 1889 6666 1832 8999 9948 6220 5320 5629 4593 7655 14908 15114 8481 5754 9084 3184 6118 11782 15547 755 1300 8102 13454 7609 1066 2576 615 10200 9246 14031 12195 7446 13796 6714 1052 12126 8574 6398 13313 496 9269 4719 13750 5182 3423 13142 15709 4499 6563 35 2607 14682 12319 13509 14286 5490 11639 9372 8618 7849 12705 2217 11809 3503 4127 4666 11881 1697 10333 4276 3488 2937 15593 8780 9361 7805 270 14038 4819 12099 3372
Route 8: 5033 6686 544 4455 14766 12499 15340 525 11198 4079 4259 5417 8150 14003 1305 13985 13421 8735 860 9352 12566 8453 3823 10314 9776 7969 9395 2701 11063 2541 8943 10644 15479 12522 6633 5555 222 5626 8689 10107 12884 1824 47 6278 6305 11123 3885 1734 4450 8921 15894 14537 6708 1347 14955 3894 660 6937 15675 13353 11530 14857 3855 8468 9679 11091 14344 11159 12953 3296 15349 2157 1083 5076 8003 780 7332 3415 10287 2496 3385 12391 9788 1237 13371 15333 13764 15866 8059 6499 2423 11203 11620 1105 8010 2038 2493 13436 6367 1096 10432 14684 11544 8941 3321 9351 9863 7641 2245 206 12335 10824 8915 13282 11772 5045 9980 8268 2670 8822 435 3577 9624 11790 6819 3387 5307 13323 6758 5484 1652 14211 5625 936 2893 10113 3330 9295 8067 3770 12061 11724 12548 3110 12564 10317 11110 12354 9006 11656 1079 8821 4133 4240 10371 4091 8653 1236 7051 6670 5426 12556 8859 3280 2542 15845 2558 11689 10084 9954 8911 3778 6301 14202 13223 12824 8549 9379 14075 11416 7370 5023 13312 10192 4930 2373 1777 11415 13385 6311 3086 11119 1117 11265 9801 6456 4289 14654 9323 8677 2511 7786 6162 11004 8087 14427 5955 5188 11503 2483 13434 1245 15274 5702 5010 13105 8502 15326 2206 5578 5356 3564 5285 13137 14972 2818 7483 8277 3117 6804 8808 14078 12860 11126 10019 1006 10324 3186 15884 12350 7417 8716 4606 4863 12716 5864 14661 8296 4476 50 7161 3945 710 8995 9469 989 8290 9878 12285 10526 5608 10066 3315 11842 1261 13688 6007 506 12103 4918 946 6288 8092 3216 8214 6519 5063 8334 5415 4206 8897 13837 4346 3438 10641 12161 6011 12050 14747 9844 129 2172 13595 11911 8739 8006 15755 10370 15727 15854 10201 15869 2767 2013 9022 8272 11831 8762 13659 8636 4975 15616 3837 9257 15149 12217 2730 8744 4559 14986 9768 3932 5889 7568 3168 7075 7224 3935 9171 13911 8198 10562 6450 5758 10744 2409 9761 12138 12174 15955 14337 3838 6064 126 3511 13097 12681 4804 8771 13272 7271 1004 4611 4258 4679 1017 3654 12024 12929 6404 8552 10735 15127 11037 402 7094 11707 13937 15182 898 5710 12653 14256 3714 3441 606 15303 10890 9725 4285 14511 1574 10560 9393 1509 1557 172 12135 12836 1661 13555 639 849 4771 12255 6469 2534 11945 11688 2929 4801 15444 13706 9380 9355 6777 2443 12122 4931 2449 11404 2981 8900 2860 6051 10280 867 13250 10134 14910 15299 14055 5797 14394 1536 11033 6622 12805 15625 2858 8471 12407 5189 4472 6585 1558 6496 1232 15632 12591 1179 3493 9079 1953 9421 15099 4167 2936 5137 14450 7185 4470 800 12719 13753 7380 13554 14624 11192 11240 1552 9881 4676 7288 15079 6002 9733 3127 2633 4175 724 14600 5651 7670 3044 13961 1402 5245 4096 7623 7890 5465 1405 2559 10994 12826 266 12021 3558 4534 2062 3272 11236 11067 14970 12647 3801 8231 1531 9240 1285 1877 1138 3075 14724 6571 11109 9192 5221 1903 9249 6887 4988 8616 9678 4520 4760 2739 2381 499 664 2198 12957 1420 14200 6307 836 7152 1185 1785 1694 9037 2323 7412 11886 6520 8299 4084 12207 7690 10248 2295 4237 14397 14422 641 10337 4261 407 3115 2728 2320 500 10020 5591 11868 8523 1438 653 13608 15781 8729 14069 6486 12136 838 13037 4585 10832 8187 9976 8868 12544 10211 14277 15952 4959 12472 2040 15652 15972 15402 9658 15885 15663 181 7135 7683 14457 11535 7174 13917 1643 4066 403 7838 14223 5150 4838 15735 15021 1885 4191 15570 6784 13186 2290 36 1983 4787 11081 1898 8965 14109 5322 15954 10905 956 1988 13541 6918 14933 4052 12616 6127 10468 5324 623 7383 11362 1270 12656 15997 6299 1390 11703 12889 15232 5438 10101 14540 15785 3340 4802 9724 14564 7114 7583 1704 4363 5937 12865 13748 10303 10353 4126 6125 11575 2395 9626 8163 13252 5187 3825 3207 2986 4595 12056 12089 8612 13474 15248 10484 5888 6779 2788 7005 254 11086 5971 7596 2506 7308 5733 5344 6724 7554 10872 3630 10634 11002 6824 3973 14210 10110 12624 12577 5098 1952 4509 14566 314 7865 3126 12084 6773 1469 3759 5697 3718 415 9592 4608 231 12483 4652 2204 12011 15070 7022 10530 9470 12655 387 8197 5880 5730 12573 15517 90 15844 398 13396 12436 6172 7731 15332 1779 9203 8206 2194 15441 6556 14838 11596 5051 14049 7989 8541 8981 12575 2597 6160 11038 4009 14176 6488 14499 11636 7558 5180 2723 3026 2708 8030 3623 10690 5005 10180 9059 15618 14881 10546 4287 4544 14008 7187 1811 3038 10090 5019 14488 862 7915 12858 12289 8188 1859 156 9432 15806 7301 3298 6361 12998 12015 14444 12434 15027 9442 104 1551 9786 9177 3112 7144 6549 2325 3458 14763 1892 1901 13132 6276 12547 5734 3584 2434 7525 2435 15889 1145 8160 3370 8976 3062 15893 3943 1114 8239 7966 15816 14080 7499 10216 4399 10259 3027 10772 8732 14374 1797 9806 15964 2179 1183 13655 3601 13695 12341 12504 6900 1042 11955 2232 2629 3000 1886 15352 10820 5589 10812 4516 11775 2718 6728 13401 10426 9123 10172 13303 5752 2477 8417 13851 3964 7087 14919 12218 201 15015 3480 3431 12952 9139 15261 9347 13793 5535 2301 3667 8171 4741 6547 7861 12635 2307 13378 7511 13511 3460 5432 9831 10367 8028 9459 7497 10140 4633 14304 14513 7881 5473 1572 6967 11811 15360 14583 3470 10928 2678 4869 12390 2393 11974 2442 13869 8525 7076 14889 4111 6998 4338 14609 15981 13719 7906 822 6656 7943 14739 1563 15926 4365 2910 7927 386 6617 3916 2379 5354 9413 13543 10241 4390 5273 15224 10299 14650 10420 2098 6092 260 13574 4536 13288 4659 11531 14642 8949 3028 8839 2501 13491 5513 14680 9041 3593 8088 11319 6139 9975 8405 1249 7034 7045 13092 1519 11070 7357 13732 6610 6577 6339 12096 14046 14150 12105 14013 4537 13563 8306 416 11022 11603 280 11942 8062 4362 15017 14973 9688 4178 7933 5061 13947 1642 1808 4797 3242 571 8855 8979 10062 1717 8313 8922 5949 2382 7788 10506 11642 4766 8601 13179 14514 633 12868 3327 527 8953 11158 244 4188 1614 3940 15917 10225 11336 15690 12717 15909 11938 7793 11733 11500 7382 9915 1286 9000 2505 15725 519 2930 13057 12863 6671 6798 58 8325 12871 13704 4854 2710 2263 5317 10144 13770 13591 10792 4437 7795 10087 3259 909 13471 9552 12698 12924 11458 3029 13955 8124 798 3457 8077 14362 8341 9491 4928 2727 15490 13071 2878 4120 14849 4680 9289 14734 10269 6618 8421 4952 4940 9539 7505 6273 5248 15148 2116 15760 14761 6978 15348 12887 10804 6415 15408 13279 3779 1295 13767 2103 15298 11789 5429 12528 13847 13761 8728 4131 3336 7837 8770 12702 630 7985 12724 1209 9487 5145 594 15036 13676 13125 13221 2563 5446 15405 11096 5018 88 2257 2399 9940 1741 11164 11286 3701 7999 8954 8244 14701 10897 12883 6545 14473 14155 4343 9782 1948 11162 12737 9715 2992 2868 13087 15783 9385 7212 938 6508 2469 15481 14403 749 11332 12772 13536 11261
Route 9: 9690 5440 10194 3869 11897 11808 6116 3463 4433 15496 572 1101 3486 1023 10186 4233 1069 10252 1861 14559 8553 397 15837 4847 14409 12628 2148 15724 2441 3653 3835 15653 14824 9787 8224 2796 15687 10836 6044 5964 8533 14991 13347 1695 5722 15485 2124 4927 13469 15434 14260 9052 6828 6783 9113 5247 3802 10750 15454 8369 3784 14138 13022 8156 15753 15862 12438 12446 4410 6287 10376 4521 8115 4841 7462 11673 2082 1735 5007 4223 9970 6201 7957 9719 8508 2265 4228 14520 11275 7773 10373 730 7852 10547 4815 7531 14962 1379 7013 6397 4967 12185 9815 7723 3374 13861 6245 5653 6418 10096 9952 161 4832 1549 2087 12222 322 15991 8363 10761 6108 15084 652 105 4417 8371 14132 367 13752 6261 8569 4567 11293 12368 12723 8945 13576 9060 9858 14752 8209 703 2897 15195 3862 1070 13775 12581 5645 8505 13950 5832 963 1377 13183 912 7506 6732 3178 14591 929 4350 3840 6117 5220 56 9213 12959 6975 6555 5944 12907 12928 2332 12419 2703 9364 8722 7149 2118 2885 7256 7195 8168 5089 3273 12275 15445 3033 6636 9153 9097 10075 10578 5158 3378 3404 15111 11266 7012 15824 10861 279 2402 15576 5690 6408 13790 1653 7677 3279 13426 1457 903 5376 3132 13829 2971 6976 2713 10496 12489 14776 4040 7939 6833 13139 11504 7538 12784 14560 1560 13692 12996 8311 10649 431 10414 9345 2473 14689 542 8517 10184 15207 2604 548 2523 9360 12035 13095 7237 13448 6612 8758 13171 11649 3699 12442 13294 2445 14183 83 11893 10226 13603 7150 7913 1528 23 6755 2239 14901 576 12153 8496 11783 143 10667 7955 15227 15799 5712 8749 8441 4575 2535 4047 14515 4063 13327 773 14942 11221 3934 1489 5138 7042 8987 15311 9830 13170 4340 7233 7843 13963 10556 8284 1601 5471 11879 14226 12115 11716 8435 368 14959 15502 7089 15470 12994 6393 9677 15004 10887 1533 11163 7968 6143 6295 8266 2276 8391 13069 5174 27 7822 6753 3732 14487 6509 3485 13225 3796 15643 10608 14866 2199 10251 4672 13380 9848 10401 11683 12334 15370 1146 12411 10968 3367 11191 14254 6580 12602 10220 13623 13387 4621 11270 4030 14730 10972 11982 5009 11866 2086 11220 15285 5521 5918 6218 11320 2471 12570 11680 8660 4868 10613 15501 1505 5923 15573 6369 13663 13605 9662 7555 5257 10205 1068 421 1011 10754 4451 10445 2729 3808 6470 4479 15201 10301 5335 7189 9790 3320 8506 3684 3366 1682 14843 3717 9567 9553 3819 5554 7862 7883 7810 9284 10913 6145 10783 15465 10803 2294 11049 8599 8139 3022 8934 15284 11977 12838 2041 10896 6986 11385 10731 12586 456 1015 2372 5634 7081 3741 15373 13933 9258 5957 3425 2531 5480 15279 6742 12726 2775 3395 11076 2110 12494 8785 6071 13642 6543 7465 12043 7912 13091 2850 6280 15867 11491 10714 12636 5824 14748 4021 11303 6374 13824 11170 15476 3967 13367 4421 12355 454 3443 984 1687 2345 11883 13276 8957 13910 6635 6187 13135 14373 10967 554 10182 1345 14993 7590 10490 1484 1654 6238 6257 1938 15179 9048 4169 4080 8783 4703 15706 7528 8281 7001 6153 3908 2000 6893 2504 7562 2745 3199 15770 8094 6348 5896 15206 15978 7487 13525 2122 9185 9501 9821 2905 11001 11130 1688 12995 9480 8588 9518 6844 8556 5228 5314 10043 8131 4424 12788 4671 12128 858 428 3892 281 5593 786 9766 6996 689 3719 14401 13472 5371 1833 424 5542 12455 2045 12144 1424 7072 1463 11462 9559 7403 11419 10266 8285 12554 3450 4307 11721 9175 14039 14328 13831 11726 6411 8514 6560 5016 9722 4583 3264 9750 11111 13626 3196 15246 6834 14964 326 12272 4893 198 7760 7707 14656 1977 9653 3704 11985 1711 12283 13778 10137 11895 340 7877 1148 3050 905 311 5886 10203 11201 15343 13256 15120 6343 13306 15117 15319 8741 15557 9384 11663 10846 11659 10738 3539 6544 14316 13610 13673 13819 5717 11231 6334 125 9680 5447 15304 11718 8834 1658 9703 11496 13343 11289 9797 6615 3293 7908 12869 7663 4586 9712 274 12271 4808 11564 10825 1738 14782 14124 11711 4790 14829 12667 8903 328 796 2598 535 15171 9468 9997 5342 5044 10666 12367 11970 11851 7672 5688 147 6945 14690 10684 6090 4435 4394 4709 9941 12559 15324 13794 6531 1274 6163 10609 14478 3733 15001 15278 12409 12657 5833 1141 1698 6930 7424 13865 9758 7569 3464 1617 12683 6817 3799 8492 1223 5481 9046 15970 3422 11026 11781 3983 15902 4936 2177 14322 10155 8672 1807 13129 9893 2397 7835 13357 14438 4736 4194 6342 2018 8057 1102 5380 11156 13998 1656 7057 13834 12807 3634 1965 1129 12590 217 4508 8179 2081 13506 5120 8756 4901 3098 13152 2126 11226 13641 4409 12293 5133 4235 4492 6790 1701 3049 6402 6707 4070 13996 3348 8860 6391 4616 5789 4316 13800 13358 14999 13366 11239 2384 11318 4778 10654 8242 12639 8032 8164 3814 1553 15784 11814 1450 9517 7857 15946 10935 12223 13876 3859 14543 15194 7303 11054 2783 7276 6315 12795 11516 8469 10920 9892 10428 2866 4331 920 8486 13644 13889 12739 3541 1173 7312 4984 2173 14902 2829 12265 7173 9628 9478 1262 3726 12140 1800 15607 9454 14699 9643 8873 6293 9745 11307 12330 8849 12828 15680 6041 6152 2319 318 7452 5635 5383 388 10162 3645 10281 7129 13027 7893 11986 15398 10313 12343 6799 8309 3829 14975 3865 3226 968 2300 6180 11546 451 8132 6592 13150 3765 1595 2984 5790 3160 6053 15259 9526 6632 2446 2226 10725 15914 4255 7330 6442 14110 12885 15209 9155 7694 5467 12819 2864 7761 5617 1672 2690 10344 7402 13102 6076 13048 4598 3527 1403 6462 10487 5345 13806 1510 8373 10607 6104 15059 10275 5767 2854 15516 3060 3981 10732 5670 1039 10074 4290 14376 12157 9223 4934 6528 9914 15875 9308 15091 11205 6694 6587 14860 13187 5207 6853 10122 7800 11616 14446 10606 4580 11622 6489 15546 3805 1189 6970 13111 6643 8326 9593 11520 10704 3300 8640 10196 2104 5252 9794 9966 14593 2626 15 5107 8872 5538 12073 9120 11351 4728 7153 14663 4189 11454 15076 15267 12541 5560 6446 759 11568 12792 11717 9570 3189 410 7088 11954 13397 12534 7384 11000 1550 13238 37 6111 6443 6572 3637 9374 10880 191 11263 15780 560 4448 487 15989 8959 1932 1253 11887 15204 857 2025 8137 13943 12114 12254 3101 4143 13742 7662 7994 13789 5806 1186 3644 3849 7882 4647 8686 15712 3723 8019 6931 6437 2106 7035 7603 13364 14086 10006 6674 10753 15588 7213 831 5421 8280 14166 482 1767 7661 3249 11246 323 1233 15341 6107 2391 2726 11237 4983 13104 3721 6335 4383 6754 15077 8980 8867 10541 7829 153 5558 6821 7353 3921 9026 4069 8238 3373 6176 349 10743 4501 12239 761 6929 5124 293 12898 7617 4862 665 9633 4265 11732 9349 6263 7783 11727 4849 8443 4871 8411 9184 2787 4985 15631 3748 9917 15464 10700 157 7934 12244 6089 13388 1152 4059 4873 2214 766 887 14339 8045 5492 160 969 12555 9035 10726 5942 810 13422 3426 7942
Route 10: 215 10594 6586 13299 14225 6260 10543 4026 747 2406 6368 7205 7675 3440 1387 10998 4457 4673 1205 5950 11556 8093 9604 9407 8993 7729 5142 8526 5827 11469 2785 10139 6109 3999 12032 1328 11327 13551 8655 15082 7680 14803 13215 13089 14695 11290 10768 14562 8551 8942 6933 1633 7508 7516 8245 13870 13251 11108 13571 1188 1730 14188 6344 12301 9536 658 1167 9747 3563 9234 5082 9288 7004 13755 9136 9118 13973 7407 12012 5479 11485 1431 10588 3781 14500 9196 2414 9636 11720 9563 15162 15020 6985 14709 8489 9884 7709 8906 15480 6764 10476 5231 12530 5389 1087 13449 14407 6925 3010 15580 9182 4298 11481 2385 10423 1228 11570 8926 4138 6795 11186 4385 13743 15856 11576 15401 15378 8695 13361 13072 13160 8183 6597 2556 3810 11764 13341 6088 4253 92 5109 15366 10796 13372 1894 13195 11600 1078 14662 15019 6870 10040 603 9807 1406 15438 4065 6600 12892 15396 13531 13647 1109 5021 1222 6403 5305 8810 11173 14370 10943 15329 9020 8078 9984 6823 6894 10554 5062 10992 6919 11474 14702 10470 11654 9529 11675 3891 12857 4295 4356 5139 5457 8084 130 5384 12296 5596 10158 15793 3942 11687 7369 4603 6259 14367 12445 6079 14301 7177 9428 5663 11862 3550 4623 4870 4192 4075 15881 13785 1352 8837 2043 8613 4122 3918 8141 10501 1080 7851 12347 7257 8398 15853 3 10210 14645 12990 6494 6078 12802 15492 14914 2646 6890 6028 6843 7984 12768 10970 7101 13989 6020 12284 4124 15295 10422 10207 5169 10821 13562 2898 11538 15392 6497 6850 11055 6507 13065 13994 1192 412 7973 7364 1623 14324 11990 4695 15951 7467 15944 14442 8475 2696 4955 3068 4326 12663 7346 13560 2388 2650 6540 267 14063 4165 592 11489 13056 2123 15327 6521 3172 1136 13442 6796 5813 5321 7468 4154 900 8178 8935 12477 12198 4562 6769 95 14598 8315 12491 12599 3193 8462 7240 15791 11311 14236 8603 7907 15107 9982 1763 12741 5909 7416 9420 13167 15291 6086 5792 448 10952 12475 11366 7411 7599 13492 8359 3084 740 6801 6582 15011 10108 1606 12166 4181 6068 8222 2586 2310 14906 7299 6697 8174 15433 15432 11972 4152 13645 15661 970 6771 3491 14952 1766 7571 5265 11537 2425 11441 2131 14863 3867 14950 8230 10424 4008 5624 4270 559 4308 7428 1306 2377 6647 15129 9297 3087 4921 5049 14718 2709 8058 1500 5261 3152 5532 4024 7362 15847 11434 14890 9399 888 5673 14760 14351 14065 12799 9248 12747 6573 6759 10686 5739 9444 14319 8542 752 2599 12399 9495 9749 5544 5154 11805 9376 15950 14209 2426 2914 6532 12018 12262 14677 6676 5728 15648 14232 11989 11171 15610 12317 9354 9546 13443 14016 6110 1731 15283 6303 2735 565 8717 14026 7243 1310 5606 7300 5961 7821 484 15883 1323 6522 1649 21 960 1366 14383 12786 10187 10508 5378 1752 12497 13697 6535 1170 14182 927 11492 2812 15556 7480 3034 875 10025 3832 14912 9437 10318 13882 13548 1786 11752 11283 9344 3262 3220 12774 437 7518 13209 15739 86 15277 7693 9709 14224 1057 7016 15006 9707 3992 4456 4082 8679 15908 79 6290 5067 13825 4447 6189 1365 7306 13393 3200 14300 11151 3266 13529 1546 13592 11587 9316 9473 777 10459 9615 11567 453 11797 3095 7360 9275 10258 6282 13060 3171 9463 14716 9988 13913 5765 9009 15710 9168 5355 15768 8619 4557 8091 4273 1265 696 8902 8107 10358 13577 13995 10695 1882 11618 13235 6619 12666 5140 8816 6121 8975 1535 15113 57 3775 6085 8929 6675 3129 4306 12847 6505 856 12151 2591 6091 10206 2330 4195 4519 51 6660 10 8212 2664 4973 7155 1846 12360 13836 2853 11008 3417 2782 14467 600 15797 14436 2030 2645 2195 720 14051 2943 4726 15568 5287 12978 1668 10398 547 6413 1113 11816 12009 8204 9112 8938 9919 2136 4072 8343 3753 14834 6270 8713 9528 9311 4353 11039 12779 10394 15397 10760 14296 15145 873 2061 10290 4225 2298 4696 7512 9912 11829 1974 4525 12108 3113 11920 9784 10730 15577 12069 4785 3959 15764 11018 5714 11497 14048 14574 2805 12312 9620 6388 15669 11753 10995 12150 12646 3111 5609 3582 13156 9451 9853 6803 6663 5590 5872 7845 7258 12348 15061 2585 15924 166 1227 6102 10539 5041 10816 7507 9217 9868 14597 4018 12154 2093 14880 13959 11097 15140 10265 5969 15555 6242 14022 66 10082 13258 7067 9983 13514 3707 13912 13978 15203 2410 14508 536 7646 6412 6529 15584 7120 5639 7451 12274 15456 15858 9568 6457 357 8772 4894 7282 6184 6198 3551 10875 8650 3506 999 12358 6240 12147 9836 11398 493 692 3854 377 15863 8664 12273 14275 8155 1370 7376 9512 5404 2075 5101 11761 2528 13280 10400 10569 2731 10307 15330 432 11919 9039 14219 10271 8928 14643 1723 3283 3643 4631 8654 7052 228 7699 8464 12609 14481 4325 15611 10985 10256 11367 284 3179 14019 2200 14584 238 13747 8218 2734 4757 12428 8743 7242 11758 4314 10945 14674 5292 14067 8633 9949 9366 6046 9603 5035 13759 5405 6008 11635 15882 12947 1029 14239 6706 9305 1868 1072 1330 10780 2790 10660 7206 345 4282 6637 4721 11025 12156 12754 15241 7588 11559 5057 12058 6681 3012 15967 6793 12927 8148 12127 5269 8229 13700 9494 13728 5865 3768 6026 14875 6973 11406 13944 7746 11135 10593 1260 12533 472 8038 11407 12864 13437 12267 7471 11585 6330 10249 4664 8134 10250 3162 14911 10129 2938 12167 11034 8649 10505 10352 4174 4707 15552 7290 379 4613 8394 12040 2740 2312 4467 4345 233 820 14676 14616 9324 142 5749 3043 7997 9449 4477 11940 13628 12031 8869 1842 13407 15965 13034 8414 12458 6271 7482 5270 682 8668 9067 9237 313 6337 9165 7336 15794 12933 9578 9414 12006 13324 5413 2015 945 15088 5444 14723 13068 5295 11253 5198 69 12381 9847 6292 7930 15043 7656 12623 9606 14298 11580 15418 12042 4632 8432 9739 6548 9107 1986 11988 1476 5391 12711 1757 5562 10558 10098 165 5262 190 7629 5890 4218 4572 12394 2641 13533 1508 15273 11413 10733 12211 7269 8899 372 2299 14238 6882 15762 7726 1458 6054 6022 1315 4505 14459 13872 15984 11662 13690 6327 13798 7026 12751 11042 15381 8192 1276 5947 15697 1464 3109 15467 14573 13260 2347 2284 1361 2491 5113 13247 9959 4351 13556 4599 9841 4644 13032 13023 8634 9477 11251 4226 2786 15916 12344 11280 13001 15407 11514 893 3185 5753 6952 11550 479 8340 4397 5548 12963 7115 15671 593 13480 7439 14237 5894 6802 14717 11298 13622 10381 6221 1716 14728 2627 10438 1035 11373 8844 3222 14527 9054 10416 13297 15864 12435 10877 307 2017 2152 2610 7197 31 7184 12876 9850 5642 11785 5493 12875 3543 3036 12372 7146 12303 1839 6897 6495 5336 13651 5478 2530 8 1193 13680 2201 10009 11447 6892 14157 3866 7722 13970 8133 4241 12936 7048 3221 8809 6995 12670 15637 4573 1163 10712 13424 1169 12059 14783 7676 7131 3946 10537 1713 13389 10254 12072 1651 12815 15901 4058 1910 5831 1124 1199 2479 5815 12090 9377 6061
Route 11: 8026 1130 10534 8862 168 8818 7534 4897 5500 4542 11066 7577 11074 7313 11028 10646 3594 4088 15528 7905 6255 2712 14900 13544 1858 3396 1478 8256 9991 13760 2994 6715 12261 212 1289 9143 8437 1755 12970 8700 13096 12766 1867 12374 15104 13844 994 1191 13874 870 6016 14017 5536 224 3142 5823 11154 9198 2881 6459 9482 7292 9935 5128 12814 15540 12482 7802 2162 9956 13360 2285 12041 8380 6167 5159 5255 14590 8683 13392 2680 8037 4515 7501 9503 10828 8581 4342 11401 3725 10011 7341 11359 4140 13430 1059 9239 15729 15443 182 2492 2998 5719 11947 4275 5885 3863 7949 15654 14708 1040 6735 2989 12770 5904 11611 6475 1883 12648 9944 15406 419 3514 9936 3833 14466 7443 3661 7317 11630 15147 12110 9142 6471 6382 9622 10288 3903 5985 10146 3328 3159 14686 13871 6553 9674 8637 5877 11853 11187 15336 7186 5201 3525 10441 2834 13315 9849 14052 4806 8385 10418 768 5240 4086 12587 9156 4032 9569 5876 12529 3170 4083 321 12918 1605 770 4036 6266 14592 3830 3966 1340 13833 106 10247 1924 8891 4712 9704 15035 9104 14278 11515 5313 14812 1715 2461 13689 249 2042 408 12086 15315 9977 15828 13957 5065 7401 11132 4349 4299 10891 9554 13670 8287 4568 9527 14452 3597 4828 5699 5094 2011 15606 6877 4861 11273 1978 12971 9263 13265 4699 7096 13012 7714 15906 4239 3512 1966 6840 14612 14274 2570 3852 2346 3318 15945 3521 589 8159 5398 1287 9073 13130 10810 3224 3502 15935 12264 2561 10659 3613 5268 3858 13517 6748 3590 6482 12478 10950 7043 4564 11584 11708 13337 12969 399 12088 12759 14799 4147 6332 6935 9065 4020 10234 8395 9465 10529 9792 7600 15848 11433 4487 2865 2543 11493 2419 4614 14314 2962 13459 12913 14007 440 13638 1559 176 691 4732 5808 11664 11818 9228 9945 15309 1787 5369 4618 12848 2823 1150 14743 13677 9483 12925 4569 14512 4443 5125 7386 10736 7324 4512 7239 8950 4012 13064 9582 6669 7280 10797 4892 1218 13218 11924 3350 3164 15116 3888 6591 7674 10978 3308 4635 2675 4375 3331 4371 10199 7116 3257 7980 14928 1255 3496 5845 12051 11490 13939 120 13685 9767 15572 9205 12701 12611 13860 12976 3788 10227 8355 11859 10713 7365 2847 11048 4288 11190 3598 5334 9332 1502 4591 12930 10830 5743 9617 2174 14208 14103 15658 1792 3878 3462 9151 10934 15877 631 13744 4774 12286 7060 13340 4663 11 2683 1708 4006 5277 12200 1908 14968 8243 12117 4823 955 9589 3238 3795 5494 6598 115 1588 2671 15817 13176 5050 3538 8709 10642 13946 10982 7389 1873 4717 774 10119 2370 8670 3650 7304 2623 5469 12791 507 14916 9489 5539 10463 4538 5374 5713 6323 14640 2044 977 13877 9584 4149 5290 15198 9981 2861 8310 7015 4412 9405 10621 3624 1969 2795 5632 2047 1615 396 14608 6321 8216 5821 12638 12137 1927 4890 1541 14544 1524 15265 4883 14547 511 3944 4517 7436 902 15374 4622 12202 2278 14330 2165 14808 5616 1523 9900 3504 6018 4249 10975 950 7624 1513 15221 11739 7275 1955 8061 14711 5891 3394 6095 9266 3208 15024 3635 422 15457 13771 8727 1799 2322 14784 7842 9148 12643 8645 1247 11849 15533 11702 13892 13490 12091 7992 9708 8237 1432 1338 3347 3453 6236 11645 15257 6228 14605 10705 794 2957 13960 8069 10912 2255 5946 4933 1828 15393 1973 8997 2256 14568 376 5725 15521 15085 4378 11321 4829 12961 3588 3456 11856 12905 11865 7798 10835 2722 5657 10458 9594 7767 7806 6230 4494 2067 11300 916 7947 5441 4864 5468 5130 667 12326 12571 5408 993 7175 13061 1220 13181 7169 10260 14389 7033 10503 2935 1000 7442 10787 9312 4039 13180 13630 4312 8667 11423 13840 6780 10392 9 9038 2407 15963 3419 11445 6667 6567 13266 15126 10404 3154 7651 1745 7198 14758 14136 7738 5070 4814 14043 8784 12509 11684 6981 11825 10858 14359 14469 15728 4692 1630 5495 1671 7080 4481 9253 13208 1195 4982 12700 7413 12987 2539 14433 9911 14398 9029 2066 10917 475 394 461 8932 3782 852 2900 12572 10176 3557 5984 12543 11121 816 9505 8596 14313 2022 4654 7423 8364 12129 644 14828 10809 10293 12481 15811 8983 15700 12083 6691 296 8375 4121 11804 14806 9932 10161 8225 10136 12872 6558 5901 6168 733 2973 10029 12245 13787 13729 1772 12124 13352 12794 15826 9301 13814 14276 12687 3720 9298 11723 7100 6947 5032 13968 12874 13850 15575 7524 1998 13109 7352 12508 11438 5199 14846 10916 15320 6911 12112 2437 6338 3134 13355 8015 6941 829 12527 9378 3639 10032 14169 12017 7993 2660 10993 3324 11534 1562 4556 5210 10004 285 7456 359 7167 12622 13971 11044 6807 8257 14649 2965 2069 11249 5298 15623 1804 6865 4130 4227 14899 4844 12220 6896 8271 9531 8332 5239 10924 9663 8763 7142 10976 7267 12507 14554 178 8838 9327 1517 14807 11047 3319 10142 4046 7777 7374 7514 947 12175 14130 1577 2672 14140 983 15959 10826 226 1728 15711 2203 7595 7141 15763 10618 2611 12842 12738 15603 15477 14779 14393 10332 5279 988 10999 4648 2883 10327 4842 13010 15873 15980 5460 1320 6485 1335 221 14122 11168 14159 14465 12785 4507 9772 11846 4577 3177 2280 2189 4949 6749 1788 1532 3230 9834 11431 9736 2321 15199 2768 10988 13184 14307 2083 7880 12519 7679 8858 14526 9706 14990 8040 13696 940 3864 11771 15231 8823 3800 3957 2738 14343 2974 4827 8704 8985 10801 13025 6283 15228 4768 12796 12132 7888 14685 2991 15026 6142 3294 3202 10966 3281 14489 15960 10393 15461 2529 10229 6328 10190 14878 12644 11029 5435 122 11185 15302 5553 4156 6429 6884 10592 1234 2548 7855 15000 15266 7550 3335 9730 2485 7472 12080 14575 15314 15609 1967 2840 148 8428 10665 4414 4527 6392 13302 14931 8322 1364 15996 12160 10879 1578 6576 5669 14061 2057 9601 8149 5453 3636 7475 459 1410 8518 14460 6243 5736 7593 5416 3368 11009 886 8413 7854 8571 15466 12975 207 1408 1951 14692 2761 10462 12243 15317 8381 13285 1482 6721 4103 12612 15640 11774 11525 10236 4596 12063 4262 10488 8708 12120 8994 2128 13174 10614 8267 11608 1657 2033 11946 9408 12516 9358 9081 11905 7190 11213 15063 8939 12426 393 6073 2887 63 5271 11463 7440 13290 15772 15244 9368 11589 12251 11590 9729 1864 11943 10300 11763 8402 6506 14802 4146 15222 4376 9942 158 15256 10656 15029 8832 7000 1547 4440 3217 2976 8606 12732 15835 1468 15269 2875 12684 10135 10081 3791 5209 5086 1332 2451 1132 13423 12016 7181 15365 200 757 5543 13810 15389 5933 7991 10707 2757 5795 7404 11342 9887 13107 10951 2366 6915 6566 15031 1362 10063 4550 13103 9751 12230 3581 11964 9493 797 2176 7870 14112 4660 10346 3923 6226 6858 12906 8180 1327 14627 4986 6776 4941 6626 3766 7846 4489 550 11357 9173 11343 3625 6907 5552 6274 815 7814 12502 15414 9872 5809 2357 5455 3063 8303 10626 1946 9287 12830 3621 3696 13867 15131 4019 14921 14255 9135 316 9365 5276
Route 12: 9998 4458 3600 14220 12729 14111 2389 4992 12989 4694 12900 5052 11309 10315 791 6835 12803 12188 11255 10153 6130 7343 8888 5938 1530 8841 14021 5362 9014 3398 9224 14164 14233 4252 5982 14579 2967 8195 2614 5936 8905 11165 15133 13781 12641 4990 8986 7819 9001 12524 12563 4843 4731 7659 7124 10852 8538 11915 6668 12094 3758 15056 1363 4978 3407 4839 15014 6036 4543 1154 7653 4690 9271 15594 4511 8682 12908 2658 15903 8886 13758 11870 8361 13212 4752 13515 14934 7289 5858 11671 15743 10047 6359 6492 4987 6720 10368 14215 10848 1611 10605 6624 2843 3890 2336 11023 6588 4117 11786 14230 4000 288 2175 1845 12809 778 7350 11820 7826 14941 330 5131 10574 7106 15003 1736 5241 6306 13585 9218 14570 295 1016 12044 3305 13052 2454 5043 7976 10246 13298 15220 4250 8671 6032 14216 13262 9740 11114 15395 8060 13307 13277 6856 8350 8162 8563 4430 7812 5084 15930 4670 5565 3013 11872 3724 8203 10132 1258 6527 3925 908 1174 15879 12854 2743 6767 15798 4878 9639 10355 9618 13763 7470 2101 9856 3042 5911 3523 11384 626 2621 6040 11374 13537 12941 677 4003 13255 11400 1267 3900 2222 12066 3606 13693 2969 8779 15153 15255 6318 4961 12412 9435 1401 6241 3267 10903 14455 10264 13450 11212 2137 5083 11549 4993 6123 13766 4834 12116 14936 7311 8812 4128 850 6439 7262 543 15921 1631 5735 15913 6953 14234 15205 12899 979 5612 1147 8712 2353 15473 5225 14331 14163 15561 14456 12448 10767 8539 299 5483 5887 15018 15827 13580 5119 7459 283 4879 5972 13621 8642 2223 14248 3573 10350 4439 3611 7736 12219 14804 9105 11104 8014 10745 12123 12856 14731 12479 8797 14174 2595 1879 6601 14005 3554 7281 5434 3553 7918 14539 14679 13482 2622 7911 5837 6377 12470 8804 11314 11167 4291 3629 3579 4683 4023 8167 13954 646 9817 5074 1780 1064 13140 15128 10375 9889 15427 918 8113 9961 7581 9304 2190 8232 11345 11834 7023 11142 4242 2953 5812 9796 13975 6298 4903 13683 3169 3252 1724 5230 230 5464 8769 6444 717 6129 11180 6480 9160 14603 9714 15372 4875 5385 7963 7425 12361 11840 1700 11672 11397 9419 15604 4866 7327 5472 4845 7632 6924 1635 10868 15569 2341 10959 10600 2514 3927 5533 15787 7850 14873 15803 6279 14247 298 3708 7620 1770 10615 13106 6137 10012 5073 14189 10444 15642 5981 15962 9885 11750 14791 13660 4335 5534 7053 10156 11875 8126 9660 3040 3233 13826 13617 9659 10072 15409 10577 2109 7222 4981 1598 4662 13042 15118 13594 7398 11558 13204 1699 10485 13066 7378 1322 6115 2259 12263 713 5348 445 15591 3851 1810 4108 1378 9396 2778 12053 14036 11995 276 5475 6609 5046 3774 11136 13549 12164 15713 785 5175 4495 11899 2736 1275 5323 14915 15098 14006 4196 10340 11729 5973 1427 8157 1534 7010 1819 9101 11238 350 2376 4337 7899 2306 13008 45 1516 15751 2589 6023 2264 7021 13754 10519 3695 508 4172 5796 3622 13570 13168 15023 13632 12776 13311 11655 13046 2331 2816 14632 9523 10231 10045 9251 8877 13678 12916 11931 13899 1214 14309 14101 10026 915 15590 15825 13880 2637 3146 4581 1048 7441 4914 7618 11904 202 11607 3402 13040 2653 5351 2224 13131 12338 9995 15323 3722 9362 7113 2625 14090 7108 5264 13483 6849 7226 5238 12106 6376 4478 14273 10867 12197 2510 6747 14819 4677 11583 707 12979 14474 861 4720 3847 2229 5925 14653 4742 4347 8286 6745 6234 4150 14785 5129 8547 7194 15562 8247 5190 13534 3982 177 12597 4818 6982 5546 12307 6467 10486 1317 7960 10657 188 7066 4977 12209 7118 9080 2010 9496 15810 9907 7713 15112 10036 5759 5975 3009 12450 6269 7981 11794 13507 15672 4560 7625 9331 10214 8269 272 2797 4502 4553 11065 135 5090 12485 11991 10515 11015 10702 12645 12800 13976 7523 10648 13965 15624 10839 9313 3556 11562 5802 3055 6713 15240 1074 1645 15778 15121 14392 4725 10085 14867 3448 4570 6246 12562 12613 3143 11334 5274 6272 11420 6705 1634 7635 8064 3608 6848 1026 2016 2130 762 12521 13386 15166 5873 7009 1473 7348 8760 411 46 11134 998 9247 11874 11541 11113 15956 14355 1520 8196 7529 14381 5523 6616 13524 7138 11674 10127 2064 7399 2237 12962 3824 3236 14982 15899 10179 12038 9122 5039 9457 12539 1540 15592 11951 2569 9004 13653 4626 10475 9950 2448 1561 2979 13849 14951 15413 7895 2313 13547 2827 4840 1939 8595 5263 9596 11222 11939 4836 3356 14482 4758 9318 14171 14259 1166 5731 12758 2525 8424 5563 11125 3627 6575 990 12425 204 470 6648 3248 180 6322 11344 11084 1277 6155 8314 1394 9812 11511 553 9325 2324 6131 5172 15896 12694 9204 1419 9888 312 7231 3780 15585 8843 4251 14454 12371 2361 243 354 14295 9793 13887 11228 3454 12746 1696 11383 6132 5328 2732 14041 8676 11381 14740 14490 11468 5922 2009 3295 13219 1456 4061 8893 15676 11779 8288 4755 12699 9268 4958 605 11784 12810 2771 13489 2156 4971 10157 7409 2060 13528 1200 4600 2867 10597 14240 7178 9154 11291 14265 7601 7964 9445 11857 4826 5781 14290 879 5242 5166 2343 192 7082 817 1281 1242 932 3501 14329 11595 11922 13519 12675 14704 3072 2113 308 10125 14047 3834 7315 11903 11272 8423 1460 7844 5034 13949 7628 9791 12152 12579 975 11617 15831 3509 5672 2068 5893 8675 3051 13657 5692 6533 11906 3428 13886 2498 3764 2404 12356 14922 13041 7552 1996 9535 10175 787 8172 13582 9597 1196 6955 728 7433 14764 5300 6830 3626 12685 9721 7727 2836 4590 10396 1461 13113 2071 3274 11693 6428 5195 9262 10039 14720 11998 11746 8024 12840 1081 1659 6148 1207 12064 12403 7064 6649 9133 3017 5996 12480 14146 12235 5167 10510 13304 4203 14831 11873 1086 1210 13462 12820 10253 2940 14062 6716 5519 9951 6511 3054 11533 8678 10693 13681 13893 1647 1325 3359 491 2205 4105 9375 4874 4700 11523 8711 10627 162 3619 14647 12079 8513 6277 8684 2948 9350 11440 13275 13124 1060 10906 7813 3260 5836 5229 15912 9172 7473 9613 12903 13866 12551 10540 8879 8617 15181 2494 8500 3531 10177 12542 392 15821 2405 12919 4923 10193 8278 14281 1618 3384 5656 3688 1679 12823 9734 12415 1548 9019 1077 7794 9963 1449 8874 12417 4313 15805 6289 8791 3197 10449 14751 2564 5388 3995 14493 7047 3024 8813 7134 210 5293 6605 11766 4738 12365 12413 4411 13321 2988 11579 9838 588 331 1272 11243 6081 4074 8673 2375 2931 7085 1032 10894 12496 4634 13546 11937 8052 7823 2475 6254 6958 15346 662 4244 10467 2619 3061 9746 2968 14630 14669 3444 11388 10938 3705 11554 1884 12981 14879 11059 9021 11312 10840 380 145 9170 9764 6974 4701 14623 11743 10474 9064 4638 4865 8865 4044 2906 89 14085 12816 14325 7345 15321 6000 5411 2990 4155 8800 948 15742 9243 12208 12601 9587 12376 7344 670 5704 108 1436 13120 7232 734 10041 855 10590 8100 13820 10111 2601 13967 15377 3884 13439 6628 13239 2807
Route 13: 10769 8806 9018 14872 3145 8566 1475 10413 7815 5863 7319 8510 10378 1479 1308 9992 3673 12822 14518 15701 13769 9779 1235 5419 9921 2895 8416 2115 2465 2215 14865 6200 9291 9720 14542 6229 14025 13391 13300 5394 12250 13273 5584 9490 5920 14613 3123 5986 2572 9903 13552 15233 965 3289 7390 2603 12010 4379 2810 8681 992 8948 8076 14898 15515 15738 13625 2859 1492 8399 8083 15756 13616 5418 4578 10163 1831 13414 2457 14634 15702 12696 1356 9346 14887 4102 13590 1613 13090 12252 15732 15582 3130 11139 13888 3405 10454 9012 11692 10121 15159 2987 5528 9412 15055 9580 10962 8883 152 5680 11621 4393 14320 6099 12047 12713 7645 14861 11230 9110 2909 14858 2841 2932 6498 2383 14417 3905 4816 14905 5685 15714 2573 7215 13593 14984 8540 6920 7363 12316 2960 9392 13493 9427 3433 3035 9310 3106 14310 193 15559 5343 13768 10215 1047 15193 4995 11472 10276 7162 4341 1226 13165 3530 7787 12033 8557 11391 255 5514 6902 7214 10188 7579 514 9296 1311 928 8747 3083 9201 3914 9865 7818 3783 9894 3074 2923 3728 278 6542 11010 9928 6407 12294 6461 8669 12476 14510 6550 213 3102 2258 8587 12414 12793 13086 1054 6879 3518 109 1398 3124 5779 10933 9906 2630 15936 1739 7310 3706 10789 7728 9066 15489 6191 15586 6859 7762 15041 10128 5056 12833 6943 6672 14131 4579 7392 7265 11604 12757 9637 2127 758 2686 995 11657 6518 7763 7698 2519 2359 7316 7210 3848 7498 14795 2368 9383 14484 3225 68 14855 1044 10564 1515 11174 15092 5093 10636 13344 9438 14536 7828 15388 218 957 11528 9357 8338 12404 5716 15589 13045 2752 11747 14126 15086 15812 171 8963 4909 11448 12849 12649 13530 14196 10807 4649 8479 9673 10591 14470 11581 14631 3555 10878 82 5365 9771 13289 12911 15537 2944 8863 14509 9434 11836 14 5498 9159 4708 391 2052 324 6673 15650 15823 12748 3985 2665 6984 101 4438 413 3108 9415 352 5203 1641 13465 3612 3180 2468 8795 8063 4336 9962 11118 13054 13986 3341 490 14458 6766 14045 3806 7273 11838 5439 33 11335 7566 15449 6161 530 3354 2631 12946 10925 9987 2819 6871 4795 8105 5517 3827 5147 8814 8473 2365 10212 15264 10582 3710 737 1098 10983 7305 14363 14388 15052 4945 6901 1171 3002 12902 7527 13400 15759 11591 1904 14707 15542 8153 6317 9074 5372 5331 6960 4665 15597 14461 1806 7791 13618 10366 2364 9661 3760 15430 13039 1888 2392 14741 10589 14659 12938 7078 12257 12331 10166 6630 3520 14494 7274 13413 15504 11981 3263 13351 13809 5599 10696 5935 14178 3963 11770 522 12019 183 8300 2211 4803 2462 1817 15185 14555 1412 15905 2694 10000 4944 8918 1 9023 2334 5346 13583 15808 4220 5407 2571 12082 4526 15992 4013 3663 11315 6216 13384 2070 8532 10741 11393 20 3301 11822 7644 5338 4636 239 5309 7019 8467 10165 6371 12550 12242 12375 9876 13005 9805 10724 9193 6590 702 15655 14655 14606 1902 10888 15375 10902 2095 9321 13613 5769 15292 11882 14646 14253 9429 10850 10989 4929 8265 1521 4031 6203 10383 6756 2733 2824 12673 10088 4597 14988 15527 13905 2515 12048 5862 3388 8074 14696 320 9811 10939 4953 7781 1250 9417 12637 9648 10829 10559 914 1046 11024 6744 7154 5720 3738 1648 6366 8564 7825 4260 6453 1790 9280 6484 12972 3276 6013 15239 14943 11115 1326 8111 4305 699 15312 13329 2792 5456 13916 13240 14870 15163 1160 5597 13438 5549 8512 262 15929 9814 286 8211 10147 9486 8545 15180 10305 847 3355 2802 8930 8205 13044 15839 13526 15740 4524 9934 6314 6365 4855 12973 10823 11483 5879 8696 8620 6100 3478 14040 3365 10042 8875 12956 13718 10997 2707 9857 14121 11256 12991 297 1043 1923 12183 12580 13679 5774 128 11242 369 6993 9899 5997 11997 13532 9207 10326 14607 9450 4221 2428 11788 1544 14683 2876 7050 12397 12433 4533 13415 5015 5990 15795 8631 5661 10624 9558 3979 10148 2287 9532 8956 12181 11075 404 671 15049 1421 1941 14780 3492 14909 11292 13383 11375 2488 5744 13134 15718 14563 15933 14516 4969 2512 5724 12615 9337 4777 2394 13977 8477 4750 9541 7602 5246 13457 12290 11900 15693 9423 807 6723 6604 9270 10676 9115 6642 14479 4212 2862 287 14425 2420 13368 9802 10412 12712 1916 3947 11696 13982 14287 4367 11863 4899 3537 13513 401 6627 7395 12879 11712 5701 3603 1206 12703 15124 11731 3881 7241 15423 15136 10914 14521 9235 12281 14486 7091 11871 13922 13990 4402 14033 4950 7887 2281 9999 672 5726 1395 5868 1529 6331 7712 7328 14437 4715 4555 2403 4085 10838 13467 14507 11337 11144 9382 28 3915 1913 7749 834 8497 12241 13701 14561 1667 11759 7163 12917 5619 2056 6420 15888 6147 3922 3085 4907 8333 12733 3522 4246 10699 5638 10222 11062 512 13999 4951 14738 5165 2495 10895 14423 13538 9488 15313 10174 5838 3882 7469 8199 9460 8887 8308 5556 12159 15093 136 3497 11200 14528 3070 10781 10774 1823 693 15852 11313 13521 13399 7494 2077 14918 674 9565 13232 1511 12213 14134 4514 11878 3414 8147 9833 9958 8145 1076 1968 15789 7430 6171 5110 8746 1608 3602 4881 10279 7268 15767 6182 5691 11224 3447 8699 564 15308 12329 11260 140 3474 11145 7688 5002 3364 2450 5603 14660 2652 13499 7008 5998 871 4434 8504 823 11827 8895 13652 2315 2135 247 8568 4629 3191 6490 11058 2424 48 15674 4702 8978 10507 11561 8161 9700 13843 11371 3004 7245 10023 784 5637 373 5171 802 12707 4532 14765 1273 2 10749 1593 6134 15134 8600 7294 15450 3090 2661 4197 8136 3975 15271 1177 8710 5822 4035 2889 4625 2851 12405 4528 13190 756 4158 10099 5729 5022 12193 4010 14772 6808 5671 8605 11966 10399 10596 383 9754 14207 612 15734 9640 7418 1848 5919 14582 561 414 1964 996 4323 4116 4381 3535 6215 15667 13479 3972 10154 12420 12339 14917 549 12695 6762 7896 2552 10974 1094 3649 12914 4805 10030 10675 8011 6607 15143 2656 12560 2655 722 15322 6827 8643 11330 12369 607 8444 14181 11892 7295 6346 13733 6836 3437 6017 1184 8548 6912 551 12447 13227 13451 2166 14715 5840 11161 2917 14115 8714 5375 1622 14769 10402 1933 9008 1254 731 11736 12466 6378 1518 1569 10576 6164 6190 12141 3418 13224 14938 3755 14354 921 9918 3690 14852 146 10431 10728 5250 14710 8615 458 13822 12291 8175 2724 3309 15737 6811 6701 10010 10522 12328 12238 1342 3929 13868 6262 10425 5020 1862 2489 5571 8151 706 11308 11832 2583 11376 10682 9095 10296 8181 6452 15354 12676 9572 7293 6473 1985 15567 4463 7995 12095 12993 390 14018 289 1030 2941 8116 6474 7597 8920 9179 15218 15870 13222 9883 6552 11909 5819 6910 11333 2879 9150 14305 2268 6872 1324 6664 15102 10292 7901 6425 15174 3672 1976 9485 12393 8454 7107 13926 12005 2765 11592 14797 4452 346 11106 4639 4746 9286 9433 2640 3363 8344 12654 9867 409 11560 8992 14028 2207 2192 698 9119 1538
Route 14: 14601 8422 15665 5316 8048 2089 3839 11745 9093 7944 8274 5788 2951 10221 13953 12518 4913 8065 5496 10028 10746 11466 4384 15923 10715 4027 11709 14387 11658 15074 2996 2849 7920 4230 10677 13241 14372 4215 3871 9519 10189 358 1638 76 5526 3500 9124 11368 11207 4144 8208 10312 563 2055 8521 2794 7621 1375 12603 14672 14937 695 14012 14907 12205 2863 9968 15983 4851 5466 10570 12904 15525 10919 1493 13375 6173 14885 570 3420 12977 9340 4919 7285 11124 3861 10923 15549 10494 11748 7664 775 10080 10680 12846 11129 13952 5152 5452 11087 830 15620 8576 9989 11013 13333 4713 5226 6174 1433 5900 10747 14892 7361 5318 6514 9683 6512 3566 7160 3586 14439 8661 11056 5860 11389 10015 4114 10922 4207 3668 14177 13006 13940 7460 9260 6150 7339 14926 7796 13757 2262 8924 5486 14913 1038 3058 10354 2220 10860 1944 8465 4500 3176 7014 12709 3313 14946 11482 11326 1632 7546 14280 13714 14874 2184 1467 15779 8648 11245 203 6133 9189 3304 194 15829 10060 10109 6864 7932 8657 8656 5008 12431 3332 4761 4667 8629 10421 12004 10930 8776 10716 8390 7542 14213 14893 7025 10622 10181 3041 14391 478 14030 7869 8701 4001 6043 538 5652 584 15167 14267 708 15417 4283 8377 7410 1995 5575 14217 5312 9200 12861 3030 6069 11285 5693 5614 5451 8705 6300 11593 7914 5202 12057 962 4089 13607 5518 14830 15833 12604 7817 15627 8973 3698 14633 6449 9922 7766 1674 14929 3156 5953 12940 8445 9823 3099 13248 6141 11799 11624 14054 44 4119 11439 10310 163 11598 3771 11629 15617 4372 14534 13853 9697 7247 13786 15080 13211 13128 8144 4205 8259 14594 9075 4902 8457 11679 8577 809 5866 7965 7166 4208 14179 8558 3165 9285 8228 12424 7719 15391 14377 13848 7853 8878 457 679 11755 13416 15223 3676 11155 14948 15982 8590 13730 10584 1454 8227 5818 9078 3275 12704 6093 15500 6711 3031 15189 10869 9319 5442 3410 5658 9452 8585 10395 14822 9756 3361 1564 11612 5048 3136 15834 10347 4545 1009 10145 14334 14945 12540 1495 12077 429 10669 8050 8452 10461 5325 9795 3902 14453 11149 4496 10114 6421 11801 4168 2309 6940 12558 9525 10170 13620 11411 15472 10866 2020 6536 3011 1624 14261 2408 15369 245 5530 12452 582 1776 5503 9504 8753 10658 13200 9886 5260 5684 8890 14837 9162 10027 436 6680 680 15544 1878 4617 6503 9044 4106 11949 483 6250 12130 848 11295 3988 10151 9206 15621 1999 10372 13162 12443 10022 1050 2551 5611 6652 3229 1963 10831 581 7176 14794 1116 11666 11323 9511 4682 4113 14714 9579 11644 12728 12942 492 3986 11934 7863 8450 954 4097 9256 15614 14198 6477 526 5217 2919 7432 15109 1257 10610 6746 7961 11449 2513 1423 1498 2966 3681 14530 4429 329 3278 7799 14844 8408 13535 11217 6969 11347 14954 13024 2825 6949 7098 11195 5800 5333 14492 5598 9242 14773 573 10191 14581 9816 10758 6651 389 595 7333 11641 1512 12909 10320 10941 11777 13902 11609 6009 15068 10757 2027 7351 13984 2470 10827 1483 3526 8331 5708 13249 6820 7387 12133 10755 10130 12225 15270 7208 11738 5368 12837 7375 3655 12187 310 1650 10131 6039 12062 8745 9687 7950 15157 10623 9809 15042 1918 10473 10263 7488 4960 15483 12895 14666 15788 9666 6898 3744 8436 4361 11614 4739 13596 10969 3640 15437 6589 10014 1452 6923 1829 7926 15071 1014 10502 11133 8412 6770 7127 13278 7225 2517 15841 4418 12760 14668 1010 6122 4153 10341 9500 8241 8109 1496 620 14578 9089 14156 11116 13345 3251 8578 7170 1373 13542 12468 814 11615 6791 14615 3549 2657 13568 9032 13455 2139 15723 1814 3763 12173 8546 1142 2691 608 890 13284 15191 14214 5660 2828 3591 4729 13083 14042 3194 4173 11382 15721 939 7582 4160 6031 15915 14185 13197 6390 10387 9920 6072 1619 2747 13901 7922 9005 13897 2202 9516 15367 13997 15213 6645 7128 6689 6570 15357 480 987 8719 9586 11843 70 5770 2869 2455 14706 8840 14139 2417 8604 12966 10775 10089 13839 7708 10742 621 12583 14029 1151 444 10536 7820 6350 4727 1740 4100 1771 8291 9292 13713 11749 5875 4530 8298 6709 6620 5564 3141 15699 11917 5711 13295 8135 7396 10361 5846 1437 12798 2337 3912 12109 15511 4605 3032 12598 12357 5196 8356 14472 466 13466 12392 4321 14789 6992 13721 13805 7648 1778 8140 2980 7250 6726 3316 11890 12036 12859 3413 2811 8110 819 2852 2606 4136 6033 7069 4764 5289 11633 13540 7474 5874 14924 13707 4320 8406 9092 5883 9735 12688 7721 13832 5776 14614 2762 6284 6702 5773 7589 5646 8792 11107 10455 9818 5801 8158 405 5531 3632 5956 5791 12890 9547 6140 1487 1931 72 5400 5075 257 8427 7125 2842 12511 6599 6682 9808 8801 14925 11913 11377 6880 3147 4974 668 1921 10523 8270 12537 7347 15025 10049 15598 8582 1292 11715 7789 5399 13257 6740 5017 812 1443 2289 3734 3135 7394 4812 10481 13801 13915 2982 12113 12229 15202 2292 5288 1161 4118 11322 8170 505 14009 15016 4773 15442 3081 15328 10710 6268 6175 12596 1435 12227 632 8829 3240 877 9475 15622 9087 14229 13958 523 9701 14976 11068 8051 11634 4330 12691 12951 1662 7519 8400 14522 8909 2499 6042 13410 5857 8734 8387 13716 13138 6472 12505 1380 2097 2484 8507 6483 12189 1997 14117 11927 2270 15301 7058 10198 8530 4257 4997 4142 9521 8474 15359 1856 343 6358 11728 10795 8584 7604 6584 10159 12451 6739 3893 4751 7157 2961 11278 7782 2444 10655 8591 2244 6559 8527 12247 12102 7227 13418 2121 10465 6983 6179 7084 3150 11698 10585 5980 5780 4642 7606 1959 3961 15400 972 1156 14463 2170 10604 7252 13715 6944 6738 8856 2527 11578 10717 7990 9083 8499 11269 7354 8703 6435 10977 10057 4711 264 8516 9418 12679 14903 10160 12002 709 2808 6579 949 6838 12501 935 11631 11306 10548 15300 2533 2236 7062 2891 10956 5604 1118 14411 8575 12453 9742 2742 8491 5551 13802 9953 2503 14538 11638 14404 868 901 5088 15123 14476 13473 760 613 1827 9202 4935 8466 9220 1891 2138 3772 4294 13682 3412 14697 15880 12886 15532 14378 10689 1372 4279 10865 9695 9476 6386 3609 11120 8988 7574 3182 7612 1907 14284 11854 8614 3397 2894 10936 15238 3025 15362 12974 6463 8901 821 5347 1865 2870 4301 11262 6458 14128 524 14883 1175 13481 635 5784 4389 14904 13440 3561 13627 2594 3481 9439 1288 8388 1149 5000 14602 4574 12104 15941 7884 8447 10103 11791 7349 13403 425 14402 4436 8446 13203 8165 1121 10973 3069 5118 9161 15245 11803 15497 7945 781 6124 7931 5805 1371 14548 13029 13228 9236 14595 5512 1344 8193 9630 2362 15641 2297 14118 15807 2928 6252 290 9157 3906 1067 10472 6114 971 13230 7323 49 4904 4994 10711 7322 6800 8114 4905 4885 2401 4002 13026 3212 7216 13945 12755 6212 426 10495 12585 1830 4064 8536 795 9303 11356 12204 4796 9642 4161 10517 5339 10331 11007 3651 11923 12121 5028 5482 502 11740
Route 15: 15587 10406 13070 8374 14380 8169 11975 7879 13609 185 1093 3978 13502 12829 3133 14125 12642 10542 5648 3939 10239 10195 3227 13925 3955 937 14172 1855 882 6736 10566 5931 14168 3299 15258 4857 13494 13475 8055 15383 10881 6424 14687 14180 14757 13334 7377 2274 12162 13207 14037 14129 7513 8318 5392 4170 4775 3137 15703 12460 10051 6611 2972 5748 13432 2212 13143 648 14076 8819 8931 9144 11122 14626 3339 1085 2360 2615 8430 13379 1709 14448 13316 12098 11627 4681 7415 4278 5488 15969 13226 13522 9472 5054 3657 14464 686 12677 13818 11016 7463 13117 10771 4068 12538 15416 3245 6195 12665 7388 9230 5839 134 8282 12258 11257 12661 14790 2153 15305 13516 2907 8368 7510 9252 11597 5587 5775 2246 1812 2001 5641 3565 9186 14810 894 9042 3658 4339 9610 13447 3585 5574 2933 13356 771 1936 14888 4765 782 13614 13004 8240 14106 8319 7946 8351 7706 8349 14611 14419 7872 12432 15081 8283 7640 7917 199 7667 13477 1702 13259 13856 8366 9341 7996 7956 6027 12074 15306 1507 735 741 11089 2639 11494 4685 2105 2339 9091 10309 10223 2617 1721 3052 10822 11341 1090 15758 7741 585 15695 5069 9062 3204 13136 7871 2688 14956 10844 4561 5149 10513 7735 4177 5100 10291 5115 13486 2882 11412 7867 6209 3161 9625 3175 6631 363 10550 5613 1896 11302 13146 4584 15451 4050 9183 13699 1367 3803 5327 1007 8898 253 11365 6688 6146 4333 9036 5208 15536 2254 3107 3642 8607 818 3868 5127 12203 12322 8442 10379 2877 15010 6414 258 9710 6067 11197 9424 6541 824 4554 8644 13441 2830 3166 12097 919 7112 3956 14143 8070 11175 2048 9513 5310 7954 8625 7752 11810 9367 7279 15037 11563 12266 14242 8925 15990 4763 5390 10183 7277 1203 12471 13723 9149 12362 15851 13127 4772 4017 8968 12948 9880 10721 4213 8646 2632 15151 12986 4529 11767 3434 11651 5667 732 12607 1252 15173 11573 9623 1388 12008 2995 11288 9826 14495 15009 4748 5281 3205 14859 6138 10325 4302 13405 7296 942 3284 15900 3122 12781 10845 8764 12146 13838 15865 12593 4304 14087 13198 14390 11166 6360 3005 4090 2687 13268 4968 3155 7553 6638 8320 1269 925 14713 14820 8386 9099 13185 1610 2580 14805 12030 10480 4401 13633 14840 12736 2090 9530 11196 14980 8933 4493 14636 2085 107 12054 3773 5297 5194 6885 15499 6154 12486 5037 13062 1296 1637 5786 14096 12300 8035 4284 4887 9339 9783 4176 14854 11274 15087 12199 3675 10638 5867 9283 8774 15387 8056 2684 11277 9279 8960 7613 629 11898 14346 7065 2781 7974 15075 2111 1576 11950 12852 304 5804 15771 3599 11350 15420 15987 3816 12983 15431 10235 1693 8260 6641 8121 742 10343 15251 450 12955 11737 420 10549 8824 14221 2911 5428 12233 14137 13687 1137 14557 10389 10776 2356 2915 9163 7420 10813 12305 8794 4482 337 854 7074 6655 7283 14104 3213 4693 4442 13305 14895 1506 4792 1095 4248 10278 10434 7298 8917 15135 10285 7832 1358 15275 14995 10883 5550 2412 7873 9854 4548 1575 15176 11284 11073 12013 5058 8025 14551 13291 2509 4087 7228 3845 7859 3974 13669 2993 4480 11824 8478 195 7148 7567 12671 531 8324 8289 12939 13746 8054 5031 13244 2247 1915 1120 7188 11390 11131 7776 763 14826 14082 1537 4624 14173 7860 13951 6814 12454 1681 8360 3850 3021 10286 25 5585 11606 3552 3477 13815 7979 11310 15122 9086 7368 5358 15878 5844 13931 197 13119 8914 15761 3333 6034 3665 4151 14963 15849 13078 9744 11959 12315 14408 3499 9775 12422 7941 15069 12139 2669 111 12046 4770 5359 2578 14971 9272 7318 14187 6077 8658 1835 3066 4098 14947 13686 6445 8876 13762 5940 6839 10583 645 8433 9462 9090 12740 7780 4588 4786 13597 4886 3969 14754 9644 6196 15053 11370 9564 10949 9731 1127 1539 3977 3436 11979 10661 9406 2705 14775 7453 7565 14974 13745 590 13419 8666 4506 10842 6436 9773 1049 1298 6906 12025 7770 170 12269 5721 799 11417 7586 1139 657 15651 11019 8440 1678 2036 1190 1417 8323 7104 4211 3080 78 4565 1215 14825 9785 2822 11699 14625 10405 5097 3065 9422 15777 4523 13827 3570 15399 123 10806 3809 15050 9169 7017 6144 4403 11845 9013 8007 6750 3465 235 10929 12549 10295 12988 13604 1025 14083 5370 4872 3515 10893 5703 1854 1705 3533 2770 3989 356 4602 7077 15550 673 2073 9330 1975 14292 5079 3879 1603 5340 15754 15007 15656 7720 9033 11250 4551 11605 7479 8593 4645 5414 7340 12049 2371 3131 4925 5216 1180 9979 13725 557 11085 10369 12177 10397 12232 6751 11529 3345 1567 1644 6493 3615 4640 627 2521 15090 3633 13148 5450 9762 1720 6381 13031 9930 14853 10427 10524 3346 3408 2463 2120 3958 10283 9789 5153 6478 2078 2227 5897 8528 9430 13420 15523 10460 1714 5387 14850 205 12370 10385 8522 6448 1684 3856 8305 3471 15032 14792 1726 1993 5644 738 1165 5732 859 13498 9909 11643 10931 1602 11936 690 7615 11138 8072 12686 3807 3381 4858 385 15212 2342 4756 3820 1722 13816 14712 8253 10631 446 4004 14721 2540 1961 9946 6329 12783 12333 8357 1604 14987 14800 5709 3406 529 9194 1793 1280 10599 13817 15339 5111 13741 14651 10954 8154 3466 2814 14102 14546 14703 15949 9605 2248 8790 40 4619 2183 2815 1621 2279 3239 14116 353 14311 14958 13779 15907 3702 10233 2028 2983 9923 14141 6979 2554 7666 11941 7122 489 11501 13188 5764 4689 13992 7504 11983 555 11339 2577 15673 14523 2600 5810 1587 2144 1337 1727 15919 7054 9441 2252 10551 13936 1020 7614 13615 10683 8138 11850 10430 211 3907 3469 5299 7200 7535 655 9317 6583 4041 7521 13169 10785 9409 4522 15683 8852 1033 7492 9748 15985 8027 6951 13050 155 7710 11349 14821 8687 417 10841 5979 2689 12771 12897 8882 12256 15507 9608 6286 5707 11545 10628 10720 1820 8146 12101 7765 8715 2209 1391 252 15190 13927 13510 14451 7331 11223 10321 10112 4224 12734 3687 14868 7886 65 9141 14227 11348 15600 11695 1583 15704 6961 12535 11565 15200 4425 12853 6683 11912 9832 2920 1991 5771 43 14519 7605 6375 5861 119 14827 12912 7427 12027 3302 2647 6517 13427 15818 540 13858 10900 305 3987 271 11686 12401 923 12752 4310 13773 15307 7774 8018 6352 11188 15518 7097 9738 4668 13734 1987 4912 10598 6852 3148 14681 8251 15736 7866 6569 327 15342 463 3812 1108 6012 8071 7196 1318 8725 11619 6957 13612 2838 15775 15928 3965 7171 13172 1157 8330 4653 4706 4057 13896 1499 10244 7238 1112 12652 3913 609 7771 1880 14416 14502 10987 5096 14842 11112 12782 9088 5686 15565 1231 2181 4937 12313 4658 6065 1301 14014 13782 5424 9986 15268 3449 11861 14705 8570 12697 15804 11993 5136 4876 837 8984 14243 5003 11780 11916 15453 4877 11051 14871 8476 3094 8223 4377 598 11762 13100 8691 2490 4490 9971 5807 14072 10664 2763 6596 2596 4 15046 2050 3291 2704 5674 12398 13788 13811 5607 15039 13539 11910 712 11305 15752
Route 16: 12515 10224 566 6441 13884 14449 2760 14190 8690 382 6710 12070 14357 15696 4034 15130 11957 13703 9132 3911 5470 10876 14308 2809 1316 12087 4678 5234 12693 5906 11730 7575 14098 3641 13776 11358 12710 15210 1860 14293 4453 15368 11036 3508 666 12314 10937 14379 12664 15744 583 12718 14405 13914 10021 5476 14193 14798 1028 8219 3269 14424 4094 3228 7356 13932 7715 11714 10435 14279 5144 1031 7904 8721 10294 4309 4104 13495 684 6354 12295 1385 640 4332 8910 8451 3163 8279 5687 7747 9007 11685 11930 15664 6734 8358 13161 9302 1140 8864 13411 14371 4360 13584 7868 15626 6603 11678 2430 6502 14953 14317 9800 6684 14698 11682 2026 5761 1024 1871 4033 12651 351 2673 13662 1765 371 3828 9577 10245 9309 14817 745 14996 14338 3817 10739 1225 13058 7325 2296 13460 1616 7610 7594 7083 3215 5377 1733 14796 13649 8694 8543 10662 15832 10990 381 471 481 1890 6151 13362 3439 12279 13079 13656 4303 8624 697 5967 186 22 10708 12029 13243 8202 6774 1911 7061 5425 10336 9458 14585 400 240 586 5433 931 9874 3360 1490 9686 14468 5053 9225 10751 12808 6217 11153 9381 11340 4609 14396 9845 12345 10356 3589 2004 11346 7031 15892 10843 7809 3754 11296 5760 6837 14981 13518 13979 10701 2117 3984 15679 8220 3575 3001 14077 12142 12430 1942 10679 6913 5420 4269 8292 11179 1056 9799 15440 11653 2777 13885 11287 7123 4286 11432 2478 9152 11839 6422 10209 5352 973 6401 6170 12882 2193 12627 15125 7634 4612 9398 10635 5095 5511 10653 13038 9281 4281 8307 8348 13598 15800 2411 13797 2421 2185 15940 13122 896 2985 9464 14571 7217 9938 11467 15282 10971 7486 15871 14369 64 5665 9551 2302 11178 12093 5854 10567 8638 574 539 10173 7366 14089 12492 11704 9621 6455 10544 2793 10671 12985 15530 8472 4406 364 13846 10979 5594 11962 6968 9717 3616 6761 13177 2486 14480 4045 15482 1834 9600 8537 9804 13924 12843 2261 2516 8439 3016 1264 5430 10527 9629 5401 12288 15495 5123 14165 8798 6417 2063 1629 13478 11756 4139 3937 835 14778 11823 11637 8217 5914 5232 2921 209 9002 11837 3933 5916 15160 14978 9757 10516 6364 5762 9702 678 8226 8851 5570 14356 12327 4051 7032 4184 6989 7811 725 6537 11259 10093 11478 10118 6075 8264 8803 9106 3125 7056 9030 5852 3669 9925 8892 7286 567 3139 98 14283 11741 7938 11304 4180 13921 1683 3889 3813 12546 11532 3312 10471 6106 7875 5141 638 8201 5361 1348 15486 2240 2872 2065 12332 11855 13147 15138 3614 12440 9599 14839 15078 11079 3271 7244 11647 3703 4698 628 2238 5932 9369 14426 10450 13059 2380 14722 9401 13784 14032 13067 14420 906 1243 8761 4589 15141 14788 99 11826 11566 3680 7834 13566 13433 5662 1119 4938 2178 4835 2253 15169 6727 13428 6772 16 15904 2888 10304 2327 8820 9098 7165 6074 9027 15334 10050 13173 4979 11098 13269 11169 13063 14793 2303 6128 8751 9855 10143 14629 12210 13799 13014 14154 3517 4783 11100 11446 8119 2338 41 6251 6213 1925 1303 8759 1386 32 9549 2756 510 4630 15226 9645 1314 13898 5491 14421 14525 1429 2537 9103 5215 14845 15390 7876 14848 1590 5393 10782 12169 5315 8075 11506 1172 9522 13501 5431 12984 11987 14299 3187 9957 15595 9560 8825 11194 5679 1920 6696 10436 13857 6219 2835 2896 14358 13600 15463 5326 2592 9774 12510 14664 11953 2293 15843 12023 9191 9233 5184 9985 10918 12825 12576 6883 11080 1397 2241 486 13242 15634 14323 8002 872 5600 943 11012 2959 7421 10947 15692 4486 8842 8835 10419 11928 12324 2634 14749 6786 3103 1742 7007 11083 3265 13557 2398 5676 6809 15860 55 10123 8750 2588 3218 15214 15382 12382 3442 3742 13674 577 15364 8962 13941 10117 13020 6349 15033 2698 14994 13726 6554 15462 5197 15925 8609 624 14939 3371 15290 6876 5011 3056 6888 467 3660 13317 13354 3776 8826 7458 3931 2221 12720 739 12028 3731 13828 13015 1477 2458 13854 6816 8108 12706 12954 10674 8720 13412 7448 2161 675 765 1747 6294 4296 4011 1774 11387 4782 10740 10996 13206 926 7894 1928 10637 6730 6468 2386 10980 863 9990 4737 14382 4604 9827 2884 12176 309 4148 10065 3752 2187 1021 15280 5948 7533 961 10316 5798 13864 1980 3379 1389 13561 6045 2039 4688 13175 4388 6812 4800 6341 866 4182 15067 7259 11527 11450 3519 13602 15838 7201 5006 13900 14529 1566 2159 2635 4185 8392 6608 7073 9641 9356 10572 2954 15095 8295 1725 15097 14767 4485 4856 11719 8263 434 12761 11507 1719 13237 14960 14569 12377 11817 1836 6990 5381 5803 4460 10818 3014 8702 3494 10217 3475 13639 6149 11744 10322 14428 9524 14678 11206 14094 13691 12464 14034 11011 5738 4610 10932 12844 6826 11092 12439 9515 7509 9665 12178 7951 2958 14869 4723 2716 14641 6166 14847 5627 981 6851 10446 15541 5205 5912 6048 9241 15522 1522 11225 13935 5163 9426 12039 315 9214 5746 9655 575 11254 1570 7704 9387 15943 5117 9050 10898 4889 1514 1441 15475 2413 4099 15566 718 10762 15132 3353 14081 15872 13527 3793 13724 13155 11510 11787 6185 9411 12727 12387 4029 14503 6703 5191 1689 6813 7367 1870 13320 8490 9300 12416 12780 3747 1106 700 1906 9028 6845 7079 6693 12490 6899 11552 11189 12614 1837 9440 5525 2091 884 468 5595 9978 15045 10651 15503 7584 14496 14657 5164 10274 7764 4620 7119 7978 1922 4722 2749 14027 14306 15422 7039 15971 941 3203 9556 8652 913 11835 4449 8275 362 14113 2079 15186 3631 552 14505 4779 11519 14998 2333 12618 6432 9320 6863 10149 13891 951 12896 13505 8659 4054 6049 15813 12437 11137 12353 5547 5529 10533 6010 9508 6534 4101 4643 5825 9598 6204 8559 11860 4256 8463 10410 6030 3376 5723 15662 12841 1339 8765 13051 11888 15633 14135 4641 2832 13435 10218 9803 6222 1123 15731 5445 4359 10837 3694 10617 11557 11547 11473 2007 545 2855 9158 9913 15170 7092 2305 7744 6794 14431 9222 5849 3467 8123 2608 10668 2369 9973 8396 14856 11281 13823 953 2006 2913 11152 8885 7496 13650 6400 6363 7503 8802 4846 10017 5412 14483 4268 4135 13406 7686 11103 6047 77 13154 59 828 4811 10531 2677 9837 13283 5943 8021 5835 12351 2568 12619 982 7182 15846 12678 4464 8896 3785 6526 711 7924 4183 8738 11513 10384 8782 3076 1990 10965 1092 4510 15836 2431 1599 14071 5026 6194 5477 897 10612 6909 3258 7779 4628 1309 8520 3377 1992 2912 10942 3949 2282 3678 5601 14533 169 6019 10323 303 4408 11317 6005 7988 5907 14688 8429 3479 1872 10908 14161 7515 3468 13452 537 15957 3671 14897 175 5895 8342 8327 3482 8495 9931 14060 2904 13942 1291 12474 2507 12020 4055 6889 3446 10238 154 14833 5994 2955 6063 8494 11984 14257 5640 12594 13962 5930 11848 7338 7223 12408 3209 13629 13133 131 15563 6805 4053 9638 14058 15110 12553 637 5951 173 15887 9502 8524 13841 14097 14517 7203 275 4311 10377 14288 13791
Cost: 88153.363
best cost: 88153.363
