[progress][seq] epoca=1 | epoche_rimanenti_prima_stop=500 | tempo_trascorso=14.5s | tempo_rimanente=285.5s | best_cost=98203.636
[progress][seq] epoca=3 | epoche_rimanenti_prima_stop=500 | tempo_trascorso=42.5s | tempo_rimanente=257.5s | best_cost=97660.712
[progress][seq] epoca=4 | epoche_rimanenti_prima_stop=500 | tempo_trascorso=56.6s | tempo_rimanente=243.4s | best_cost=96433.330
[progress][seq] epoca=5 | epoche_rimanenti_prima_stop=500 | tempo_trascorso=70.6s | tempo_rimanente=229.4s | best_cost=95302.160
[progress][seq] epoca=6 | epoche_rimanenti_prima_stop=500 | tempo_trascorso=85.0s | tempo_rimanente=215.0s | best_cost=91881.747
[progress][seq] epoca=7 | epoche_rimanenti_prima_stop=500 | tempo_trascorso=99.5s | tempo_rimanente=200.5s | best_cost=89815.552
[progress][seq] epoca=9 | epoche_rimanenti_prima_stop=500 | tempo_trascorso=128.5s | tempo_rimanente=171.5s | best_cost=89016.045
[progress][seq] epoca=10 | epoche_rimanenti_prima_stop=499 | tempo_trascorso=142.9s | tempo_rimanente=157.1s | best_cost=89016.045
[progress][seq] epoca=17 | epoche_rimanenti_prima_stop=500 | tempo_trascorso=244.2s | tempo_rimanente=55.8s | best_cost=87871.013
[progress][seq] epoca=20 | epoche_rimanenti_prima_stop=497 | tempo_trascorso=287.6s | tempo_rimanente=12.4s | best_cost=87871.013
[progress][seq] epoca=21 | epoche_rimanenti_prima_stop=496 | tempo_trascorso=302.1s | tempo_rimanente=0.0s | best_cost=87871.013
Route 1:
Route 2:
Route 3: 14781 9690 15199 9436 4884 9658 15885 15402 15972 9461 6778 2269 11721 9175 9566 6613 10645 5633 3256 8401 6014 7717 6926 4597 6768 306 14671 11209 8668 9067 682 5270 7482 14328 14039 13831 1546 13592 11587 10852 11915 8538 8413 7854 15466 8571 4113 14714 8954 8244 14701 1753 10504 13380 1928 11732 6263 9349 2890 5794 11796 13309 6678 9265 6677 319 15219 7704 1570 12346 5718 1680 1313 871 4434 11351 12073 9120 9712 4586 9493 11964 8856 2527 10202 14604 7174 13917 11535 403 4066 1643 14951 418 15918 8438 3690 2262 8924 1866 7919 14327 132 6406 11562 3556 9313 11559 7588 5057 6519 5063 44 2880 11082 11372 5855 1357 4037 14205 1012 8191 6199 8589 189 10946 13635 42 13071 2727 15490 15301 4152 13645 970 15661 3698 14633 6752 3167 9611 7540 498 8532 13384 2070 10329 9675 6380 663 4591 12930 2424 48 5068 14024 3390 15163 12873 13709 7784 10302 2178 4938 82 10878 12309 87 9063 1713 10537 7606 4642 12702 8770 12724 7837 630 7985 15036 594 5145 13676 9487 1209 9513 2048 3832 10025 875 8681 992 2810 8948 802 5171 13674 5486 14913 8998 4552 14235 15660 13487 4370 3534 15096 7422 11229 13876 12223 13972 4164 10794 4272 10441 15582 11139 3130 6188 851 2467 3264 11111 4583 9750 11743 14623 4701 12781 8113 9961 15067 8556 7635 8064 3608 565 8717 2735 8349 14611 1630 5495 15728 14469 4692 9816 14581 323 11246 13821 15012 13369 1119 15192 14969 14218 6208 4077 10839 13965 15624 13663 6369 8989 10658 9886 13200 11377 6880 11913 3485 14487 6509 13567 596 9447 2837 5122 6158 4607 12186 12143 2540 1961 11032 15008 14881 15618 11454 15076 12906 6858 8180 8012 12832 6959 5602 1115 7537 694 15358 12423 11907 14876 5628 14093 15693 9423 807 13753 1552 9881 9554 7345 14325 12816 5411 2990 15321 6000 14000 3767 14263 325 15473 2353 8712 5225 9003 2850 13091 7912 12043 1727 1446 10282 1799 9612 2800 327 6569 1077 1548 9019 8791 3197 6289 814 11615 6791 12823 12415 9734 3384 5656 1679 3688 13187 14860 5207 7333 595 8233 5211 2556 3603 9728 5772 10005 6373 986 2676 15038 3587 12586 1307 11706 5966 5049 14343 4827 2974 12568 5121 5817 7153 14663 4728 3605 8036 8166 15421 13938 14375 6074 6810 11778 5156
Route 4: 13985 13421 8735 9421 1953 12591 1179 5299 13909 9514 15509 12237 6904 10364 9131 8126 11875 7863 10789 7728 3165 9285 3396 8256 1478 8629 4667 15724 2148 12628 2441 14320 6099 4393 5680 11621 7274 3520 14494 6414 9710 6067 2877 258 15010 5786 1637 6960 4665 13287 13780 13000 12584 1604 8976 8160 3370 12716 5864 14661 3835 14824 3653 15653 4057 13896 4419 8354 38 8908 15605 2456 11301 907 4465 514 7579 9296 5003 1950 13637 5410 1989 11051 14871 8644 824 4554 10094 11210 14858 2841 2909 13371 13764 1237 15333 13377 15684 10639 15691 9268 605 4958 1719 14829 4790 12894 7785 9955 1099 3032 12598 12357 14789 12392 4321 3858 3613 13517 5268 8802 4844 6896 12220 8830 2157 1083 15349 5076 5980 3150 11698 5780 10585 983 7348 1473 685 14537 6708 15894 4450 8921 6805 346 11106 3762 5091 8869 12031 8428 148 2579 12182 2099 3952 13920 13094 13145 4617 1878 9365 5276 11489 592 13056 4165 4592 1399 5185 15548 14144 726 10393 15461 15369 245 9442 15027 104 12434 11697 7564 4312 11423 8667 12122 2443 14347 3306 11264 12085 7309 265 8003 780 7332 13726 8645 11849 12643 7842 9148 1247 8805 5064 3151 2522 2741 4391 2773 11760 14599 1505 15573 5923 4989 6988 12888 9047 1759 7119 7978 11948 558 9391 9176 6053 15259 3160 10269 6618 8421 7052 4631 8654 7522 10208 145 5862 12254 2515 12048 8543 5108 10587 5927 727 9757 7011 8865 4865 6260 747 10543 4026 5177 11038 4009 2597 6160 644 8364 12129 939 15721 7211 1986 11988 4115 8488 7117 8583 12922 6058 5341 11861 5566 1013 14244 7405 13611 11456 3610 9264 13339 10695 14373 13135 11904 11737 5593 281 786 6985 15020 9563 15162 14709 4060 4333 9036 13325 5027 291 5779 10933 5392 4170 8318 2426 14209 2914 4615 9226 649 4358 15720 9215 4109 4627 8817 12342 15519 14366 13812 2266 14720 9588 6383 1809 15297 11631 1545 12569 11847 7002 10069 9400 3480 15015 3431 14800 14987 12818 15514 8299 4084 11477 1276 9927 11324 14862 12531 1503 12297 2168 3682 12487 11960 4469 1425 6144 7017 9169 617 8016 7738 5070 14758 14136 2366 6566 15031 10951 6915 4875 15372 10065 13034 9206 15621 5098 4509 1952 8775 5222 3633 13148 982 12619 7515 10939 15876 6568 4743 1983 36 10846 9384 11663 13610 10979 10579 9166 6082 2582 4107 2135 2734 4757 8218 12428 7460 8678 11533 10988 15176 4548 1575 5019 862 7915 12858 14488 9085 4186 8970 9174 10764 4022 9755 5681 1914 11613 11659 6544 3539 10738 1127 3457 798 5117 14003 1305 11033 14394 1536 2015 945 14113 7242 8743 7734 8608 15558 339 3161 7867 6209 13716 8734 8387 10167 3941 4163 6410 7355 10963 10911 6828 9052 14227 5782 9076 7886 6001 8033 707 12979 4677 11583 14819 10522 10010 15187 1331 4908 11604 12757 9707 14224 9709 1057 734 10590 855 10041 12838 2041 7189 9790 3320 74 6470 2729 3808 11939 14482 3356 4836 5717 8891 10247 1924 10632 12277 1053 1692 11701 13736 591 7321 11725 10224 12515 8458 8175 3309 2724 12291 13822 9001 12524 12513 11041 8210 15048 12389 9403 15911 10672 6005 8868 12544 9976 10211 14277 100 1853 8115 2533 1867 12766 15104 12374 590 13745 15415 1384 5188 11503 4405 1982 2688 14956 2737 6525 9510 1691 2294 11049 15465 10803 10783 6670 7051 6235 9573 10311 13209 15129 9297 1655 10944 1686 3659 3825 5187 13252 8163 12714 11442 7957 6201 9539 4525 3113 12108 15897 14944 3997 4418 10583 6839 12877 15446 3874 7608 9897 4223 9970 4425 14915 15098 5323 14006 12164 11136 13549 14058 588 15530 2945 9925 4933 15393 1973 1828 9093 15065 225 13987 246 6635 13910 10916 14846 5199 771 14127 13007 11183 6523 6950 7889 14572 9901 3572 9324 11710 14191 9718 8249 6464 4467 12965 8754 159 7578 815 7814 12502 15414 4801 15444 4043 9651 7447 1051 7903 12396 7622 6815 10173 15810 9496 11420 3990 9389 13666 12081 328 8903 12667 15666 12421 1103 796 2598 12355 15476 3967 13367 15949 10635 7661 1767 5046 6609 7770 4362 8062 4385 13743 11186 2853 13836 1846 12360 9364 8722 7149 4046 9908 5036 10417 1895 725 8931 14287 4367 13982 14033 7887 4950 13990 4402 11864 14241 15281 15722 5422 5170 4171 9108 13648 11967 5537 9370 10524 10427 5078 12608 9860 11443 8857 11994 11844 11935 8120 1217 7844 1460 8423 8601 11642 4766 14100 12268 4848 2985 3888 15116 1282 10857 13720 5814 10457 12626 7400 3974 13669 2993 4404 4210 4917 10847 683 9994 4322 2693 7268 10279 4881 3965 7171 12343 10313 15398 11986 8999 11762 598 13100 9948 11401 4342 8581 12373 5014 8434 10828 9503 7501 3107 5208 2254 15536 818 8607 3642 9356 10572 9641 4806 14052 8385 7495 13005 9805 6836 6017 1184 3437 7674 6591 10196 2104 12069 3959 4785 4365 15926 2910 6786 458 12465 10213 457 7853 8878 5575 14217 12924 3029 12698 11458 13299 14225 5956 5512 1344 5554 9553 3819 9567 12336 13855 15927 15030 3153 5186 15184 4366 10143 9855 11513 1758 3235 15553 6802 4397 8340 6867 12037 11590 9368 12251 11589 8048 5316 7439 5894 14237 844 1571 7335 10378 9992 1479 1308 8106 8339 4093 15305 2153 12115 8435 14226 11716 15599 6866 12992 13905 15527 6050 12921 2947 15510 11551 3741 7081 2372 5634 2185 13797 2421 2480 1488 12828 8849 321 4083 14530 14556 15410 5520 15680 6041 13528 1241 5179 10767 3821 874 13431 1581 12335 285 10912 10798 9314 10984 12749 4644 9841 13032 7291 3542 1703 1760 13581 2903 14935 10352 10505 8649 7252 5369 15419 8176 7159 13558 342 14119 9119 698 14748 4021 5824 10960 3287 10335 3386 1912 8177 6685 11480 15491 4459 13346 4970 11352 7285 11124 3861 14432 6684 14317 9800 12293 3478 3365 6100 14040 14631 14470 3555 11581 14799 12088 12759 10823 11483 10123 14388 14363 8680 3336 12657 5833 12409 1141 11649 13171 6500 11889 15331 12107 13550 6936 3679 5294 6806 13123 14064 8575 12453 9742 14411 7659 7124 4862 665 2851 4625 2889 1246 10871 9574 11060 6787 9664 14222 14896 12196 15689 2542 15845 10084 7681 10870 14266 9187 6775 8273 8039 5910 15670 14983 398 13396 12436 1225 14164 14233 7701 12756 1349 5908 6084 8663 2963 13654 10449 2564 14751 9031 9455 423 5458 7137 9543 2069 2965 2656 12560 15143 3154 10404 7195 5089 8168 7511 8501 7296 13405 4302 13534 5190 2034 2114 2886 13739 15707 8119 11446 6894 6823 9984 5778 7683 7135 14457 493 692 13918 1444 14670 729 8635 13881 1354 10986 3232 11399 4277 7849 8618 12705 2217 3964 4456 4082 8679 3992 13664 1155 8870 10016 6035 13756 7393 3451 4196 10340 11729 5175 2736 11899 4495 2923 3728 13196 5080 8118 895 10615 13106 6456 9801 11265 7248 8788 133 1568 5289 11633 7474 13540 13950 742 10343 10444 14189 6891 12806 7071 5741 219 15659 13416 11755 4091 1236 8653 2299 269 1816 3843 2730 12217 3794 5366 505 11322 8170 1657
Route 5: 6686 5033 7120 6333 12282 4656 15155 15345 11389 2044 977 14640 11056 14439 8661 1162 13296 5939 3476 4976 1850 15747 1556 5060 12949 11925 7750 1781 2142 10284 10497 6396 1104 5459 2024 10880 9374 191 10328 9657 5583 14346 7088 12534 13397 13144 5968 11409 9802 10412 7702 8357 11817 8436 2881 6459 10592 1234 4384 7281 3554 14005 6601 5434 3885 11123 6305 4185 7970 2038 11620 1105 8010 14155 14473 6545 8570 12697 4762 7371 11258 4566 3757 7983 3053 12243 10462 3243 15249 3045 13124 1060 10906 9844 14747 4657 4049 11014 4822 1934 7284 2003 8799 5524 12901 118 9326 5267 13804 2350 15961 10575 1467 2184 13240 13916 2792 14870 5456 3723 8019 4752 13515 9289 4680 7543 8031 7485 10829 9648 9417 12637 3462 1792 3878 4805 10030 15834 10056 3214 15986 12449 8367 6233 10512 5987 15937 4112 13692 12996 7006 6885 5194 5201 7186 3525 8825 9560 8945 1671 7080 13962 6445 13686 15502 7089 14959 469 14891 11091 14344 11237 6107 4983 2726 2391 2624 5474 11996 13078 11424 1794 11361 14638 778 12809 894 9042 15922 10345 12484 11177 5836 5229 9172 15912 7813 3260 7569 3464 11512 15948 12629 15310 11910 15860 10772 1588 6598 115 3800 8823 2738 3957 2365 13737 9051 2129 13164 14462 11379 8384 5856 1256 4081 12016 6463 5469 7304 2623 274 15284 8934 10564 888 14760 5673 7595 7141 15763 4823 12117 4949 6749 7877 1148 3050 181 15663 5470 3911 13703 9132 13058 6868 14079 8928 12320 14524 7807 9998 4458 1788 1532 14992 11582 7878 14175 9233 9191 12023 9882 3268 586 5433 10403 5924 13463 2072 13271 1666 2782 14467 12011 15070 2204 9021 14879 11059 4940 4952 9975 1249 8405 9714 14603 2328 1822 4714 3100 7278 8426 11392 8173 6447 248 15286 452 6730 6468 15969 13291 2509 12561 11745 2089 3839 14952 3491 12807 13834 11142 2555 14737 10909 5043 7976 13052 2454 170 975 11617 5120 13506 5342 9997 1251 5493 12372 3036 3543 12875 8356 13466 14472 466 15135 9854 2980 10285 1763 9982 6748 3590 7843 8284 13963 7233 10556 4340 870 6016 13874 3273 4901 3098 13152 5315 12169 5158 15111 10578 3404 3378 3279 13426 6726 7250 3316 1985 15567 6473 12782 9088 10465 2121 1667 15380 9668 5645 9064 4638 9369 13701 12241 7960 7328 14437 14140 2672 7938 11741 182 15729 15443 4708 9159 6276 12547 980 2344 9306 12214 10552 2700 7962 15526 15629 5008 8656 11304 4180 3211 5605 9434 5498 14 11836 6861 6873 4181 12166 1904 14707 3159 14686 384 7897 12060 15350 141 10765 9744 5785 10874 8871 8213 5463 2532 4415 8329 2005 1110 4885 2401 9254 15294 12302 2246 14598 95 8315 13442 1136 3172 960 8107 6244 6384 1642 5061 7933 13947 10950 3310 13301 8047 8961 5883 9735 1231 7506 3178 6732 15403 7822 12798 1437 7526 117 12093 10619 9146 144 8312 6135 7434 2351 9509 8831 7179 6679 6516 5615 13599 1827 613 4048 7559 6072 6390 9920 10387 12405 4436 5687 8279 10436 6696 13277 13307 14561 3367 11191 7684 14090 2625 7108 7113 9763 12831 9109 13865 7424 6930 15483 12895 14666 14782 1738 14124 13671 7671 1676 4516 11775 15370 8916 8378 2481 10388 625 4922 13607 6124 781 15497 7945 9607 3919 15668 102 11181 1371 5805 14548 11118 9962 2600 5810 10159 6584 8834 11718 5335 8506 3684 1885 4191 4733 9071 13993 9338 964 5787 10511 9309 14817 14043 4814 9160 6480 6129 11180 11828 15719 14301 11410 4073 10520 15815 10534 8862 1130 9934 4524 244 4188 11158 7457 681 15287 6161 6620 6709 5564 3116 9282 11999 9671 6370 12920 11813 11353 9866 2210 14586 11437 10243 15938 6389 8259 15800 13218 11924 3350 3164 8098 7500 7220 1211 8768 11611 1883 6475 3058 1038 4264 9545 6623 4201 12648 15406 9944 12173 3763 5431 4413 15595 9957 3187 7091 14486 11871 2873 15685 13707 5874 14924 4320 12710 15210 8406 9092 3239 11047 3319 1778 8140 13805 13651 1839 6495 6897 5336 14094 14034 12464 13691 10712 8763 9663 1016 12044 7155 4973 2445 14183 3125 9106 7056 13443 11892 7295 6520 11886 1855 3872 12488 85 7624 950 15221 1513 6614 13631 2251 5487 9446 8789 10873 15942 4267 11980 5029 4217 12767 7349 11791 7097 9738 4355 1881 4095 375 9263 4699 13265 9687 8745 7950 15157 2543 11493 14007 12913 13459 2962 4782 11007 3651 8852 14918 2077 674 9565 13232 10433 1940 5212 878 5481 8746 1608 13728 9494 13700 12897 8882 12771 3247 12797 8234 3899 1824 47 6278 14529 13900 12699 10107 8689 5626 12884 13021 10770 9134 3342 14546 14195 10440 8090 13562 2898 10821 12292 6725 12721 1956 7802 5727 15850 13210 15602 6339 8596 14313 6148 1207 1081 1659 12840 4471 2308 15874 13601 1472 13376 7926 1651 12072 12815 7765 12101 411 6065 5958 301 10038 2716 3837 15149 9257 3185 5753 9013 11845 4403 7596 5971 2506 11086 8331 3526 11039 8351 7946 10961 11461 5105 4800 6341 2713 6976 14752 9858 8209 2897 15195 703 15258 4857 10209 5352 14596 9336 6657 3936 14934 5858 7289 13789 5806 7994 14390 13198 11052 8534 3592 2508 2329 6386 9476 9695 8822 435 5922 14490 11468 9624 3577 2650 6540 4610 14054 11799 11624 13537 12941 677 1391 2209 7206 2790 10660 9958 8145 4432 843 7030 10899 13565 15060 14741 1888 2392 9661 13039 15430 3760 220 9069 1573 8317 6044 15687 10836 11026 11781 3931 7458 8691 4740 12034 14966 1261 13688 2241 4486 4887 4284 9339 7455 3664 110 3083 52 15855 7384 11000 1550 2492 2998 6644 10889 10263 10473 7401 11132 12304 15678 3334 11453 8853 137 112 7660 14187 7318 2616 3047 3157 201 12218 2571 4220 5407 601 4254 8927 11227 5265 11537 2425 913 8652 378 11100 12245 10424 4008 821 5347 459 15188 6972 13711 5742 3062 15893 4102 13090 1613 13590 3661 7317 7417 8716 2694 15905 10000 9623 11573 1029 12947 14239 11076 2110 12494 3395 7341 4140 11359 8376 2502 614 1840 12092 15792 12378 13862 4314 183 8300 4803 2211 1059 13430 9239 2221 13020 10117 3064 11090 15993 1238 5240 9156 12587 10418 4086 768 11569 719 3917 13255 4003 5760 11903 7315 11272 2458 2684 8308 5556 959 6536 1714 9261 9667 15458 5903 13698 6159 15686 2750 12359 4916 7443 9375 4105 10510 5167 8258 12777 8294 15250 14371 15831 9304 2190 973 6401 12281 14521 9235 11839 6422 15703 8178 900 8935 4914 7618 7441 12491 510 12599 7192 1527 11268 7168 12026 7085 1032 98 15511 12109 9766 6996 2337 3912 1193 8 3284 5031 9673 10591 10653 5511 13204 1699 15400 972 14143 3258 7779 399 12097 2830 919 3166 11313 13521 11120 642 5045 11772 7909 2186 10630 7253 476 9128 5838 3882 10626 12830 1946 9287 12132 7888 7294 8600 9035 12555 10726 969 2088 6687 7841 865 10652 12467 11876 14361 6024 14560 1560 11273 4861 15752 4423 9274 11567 453 7123 12064 12403 11619 13612 2838 6957 1022 8262 2432 1271 10033 841 7231
Route 6: 10240 6757 11342 7404 10096 161 9952 15150 11043 10268 2132 634 1027 4581 4050 15451 3120 13782 1301 14014 11719 8263 2902 11435 4658 2975 2195 720 12216 3583 15022 11316 9307 2030 2645 1212 15973 4999 9188 3203 1688 11130 10351 8733 3715 8046 6692 1224 904 3249 12473 13003 2772 12634 11021 4211 3080 1215 14825 4565 289 1030 2941 14018 15353 4141 10538 390 12269 6967 1572 11811 6186 10270 4637 1312 14246 881 1949 7193 13194 3721 13104 6335 5686 15565 7673 1290 8200 8181 10296 9095 7536 6223 13964 5237 11369 6754 15077 4383 12393 8454 4381 6215 3535 3571 6818 14443 12620 6019 13334 14757 2459 5349 9839 9817 5074 1636 6947 5032 13968 12874 9451 9853 13945 12755 6212 1432 1338 3347 6104 10607 15059 15246 6834 3196 13626 13276 8957 15716 3091 2407 15963 11445 9038 9 3419 8393 4980 5666 13446 12662 2769 4480 11824 12585 577 5361 6608 8842 486 13242 5808 14867 10085 2854 3060 15516 4281 8307 9276 1744 13342 7066 188 4527 13302 6392 532 5204 12076 13019 3831 8605 11966 10665 4414 14046 12096 14150 882 10566 6736 1506 13305 14895 3968 8186 832 14818 3195 1135 10201 15854 2767 15869 4664 2363 11571 13636 6998 14889 4111 4338 15172 9822 15980 15873 13010 6109 10139 3999 1222 6403 13074 14022 6242 15555 11065 5090 135 5834 8845 4067 9575 1201 167 251 9333 12892 15396 13531 12239 4501 349 10743 761 9577 3828 6595 6253 7234 11795 9127 1440 4226 15916 12344 2786 11280 13001 9864 15296 9100 12689 7556 442 6688 11365 14353 2171 5872 7845 5679 484 15883 5298 11249 12461 8293 9576 659 8902 696 4273 1265 7101 13989 10361 7396 4605 4856 4485 11674 13524 7138 12969 13318 2213 7480 3034 6966 14963 4151 4498 15242 8081 10833 7584 3392 3059 6163 6531 10609 1274 4986 6776 12284 15295 4124 10422 2230 2291 11648 8409 2272 1673 256 395 89 11728 13311 12776 10913 7810 6145 9284 7463 13117 3910 1198 5962 13469 14260 15434 708 15417 8377 4283 3238 3795 5494 1995 7410 8690 382 12155 13101 15452 4190 2283 2848 2173 15352 1886 10312 2055 563 9941 12559 11570 9097 9153 1228 2385 10423 11481 2126 11226 8864 13411 3213 4442 4693 14104 8756 14716 9463 3171 2885 11893 10226 6567 6667 5367 7133 14691 12406 1071 7140 1690 4633 10140 7497 14304 8028 9459 10367 3699 12442 14807 15220 8671 4250 14960 8091 6660 51 10 2664 8212 7222 4981 2109 10577 92 5109 12915 8836 11655 13046 2816 2331 1133 3352 13234 7126 7572 12966 8953 7488 7708 10742 621 527 12868 633 3327 6793 12927 8148 3012 3863 7949 5885 11263 15780 5766 12311 184 5728 9746 2619 3061 7243 1310 14026 13629 3815 8142 1857 15613 232 9974 701 15215 944 8250 15211 7721 1064 15128 13140 8943 15479 10644 5094 2011 15606 2504 2745 7562 5106 8627 2235 3380 250 9843 13035 15455 11543 13596 15224 10299 10241 380 4390 5273 15362 12974 3025 176 4732 691 7545 8740 13638 440 1559 1918 15042 1069 4233 5302 9259 5928 5038 14414 10066 3315 11842 4816 5685 14905 15714 4388 13677 14743 14912 9437 14887 1492 14004 12498 1397 11080 12707 4532 13934 7381 715 6288 946 9481 1525 7611 14294 5133 4235 9614 5072 7144 9177 3112 3304 9189 4166 5992 10568 3089 8863 2490 4490 9971 5807 5920 5584 9490 14161 14811 13966 9388 3900 12066 2222 4176 15087 11274 14854 9783 8201 638 15836 14099 8425 10018 14075 9379 11416 13041 7552 15545 12944 14315 6222 12934 12745 4825 2115 4824 6916 12340 7617 12898 293 12509 8784 14893 14213 5123 8169 10406 13609 1093 185 3511 6064 13097 12681 126 2430 11678 12506 2775 12726 6483 8507 1380 2097 2484 2590 9770 5664 10805 8850 10991 10551 13936 2252 2977 8004 2112 4571 1724 3252 3169 12496 8110 5769 13613 828 15161 12960 15344 10181 14391 3041 4674 7235 12690 2191 6770 7127 13278 14593 9966 1015 456 9559 11419 7403 12424 8228 3111 13156 12646 5609 3582 330 13392 2680 15428 4939 7809 5850 12071 10342 9935 5128 15672 1732 6602 9223 4934 12157 9483 4569 12925 4878 15798 5737 3886 2581 14340 13098 3988 10151 15701 13769 3623 8030 3026 2708 15280 2644 14044 7508 7516 3657 14464 686 11934 3986 6323 5374 5713 1106 1620 10629 5146 10141 12982 12014 7643 8622 9875 1579 11238 3093 750 2009 3295 13771 8727 12175 947 13427 10103 9964 1782 6004 8305 3856 4590 2836 14178 11878 4514 14134 1511 12213 1514 3414 4863 4606 8035 8392 10841 5979 6474 8116 7597 70 8840 5770 2455 14706 2869 11192 11240 14624 5963 11182 14822 3529 15021 14141 6979 631 15877 13744 4774 12454 6814 3228 4094 8360 3850 3021 4834 13766 14483 8800 4155 13333 4713 13957 15828 5065 10766 6718 1493 2068 3509 5672 9101 7010 8157 1534 2119 10076 9245 14167 7107 13754 7021 10519 3057 5567 503 12678 4589 8761 6413 547 10398 1668 6131 755 1300 3184 6118 15547 11782 1737 3686 1409 3761 10456 3563 9234 4106 3199 6348 15770 8094 5896 4070 6707 6402 13402 12260 9681 7969 9395 14387 11709 6633 12522 6060 7337 13293 4650 11626 9868 14597 147 6945 13995 13577 10358 2375 2931 3085 1967 2840 4670 6472 13138 14816 7792 7437 9196 14500 3781 4623 4870 4192 10002 10380 676 4767 14447 9251 8877 5303 7544 7833 8829 3240 8444 10809 14828 13570 186 8410 13253 551 6912 8548 3687 14868 1263 14303 13093 1266 1926 6539 10409 10334 15384 3540 923 12401 13025 8985 10801 2529 10229 5213 1626 6423 5001 13948 15467 3109 1464 11540 9956 2162 13732 6610 8304 4380 14837 10027 9162 5684 8890 5598 174 6654 2692 13482 2622 14679 14539 7911 6377 5837 99 11218 13919 8316 12228 7098 6949 11195 13798 12751 7026 15040 513 1994 1669 12065 5143 733 2973 4200 3805 15546 5536 224 3142 2123 14941 8929 3129 6675 9331 8269 10214 15311 8987 7042 15875 9308 9914 11305 712 8440 11019 12536 910 1252 13386 5393 762 12521 13903 1801 2130 1798 10670 4793 12851 14823 5960 5386 13260 3470 14583 2306 9732 4216 5678 12692 13163 2811 14977 15108 14147 12778 5491 12264 2561 10659 6827 11330 8643 5809 5210 4556 10004 1562 9638 3134 13355 9820 15715 1874 13619 12201 6345 11349 7710 14770 3574 5331 5372 5719 6920 8540 7363 6040 11374 626 2621 8153 15542 6317 3226 14975 3865 9022 2013 9283 8774 13228 9150 12370 13420 8621 9846 1899 15153 8779 2969 12885 6442 14110 9435 12412 1401 6241 15908 79 6290 8455 365 7590 10490 1484 14993 7864 2654 12086 9977 15315 12758 2525 15399 9130 7502 8227 1454 5818 123 5544 9749 9495 10676 6604 9270 11071 8555 5764 13188 11906 3428 13886 14285 12523 4416 1665 15335 13627 3561 2594 11084 1277 555 9255 1097 9767 15572 3713 14719 15726 15032 3471 15303 606 11430 4076 11976 15796 10814 7180 402 7094 13055 3544 6646 4387 124 12910 12790 13393 7306 3200 13214 5173 138 2801 4745 1111 8894 6631
Route 7: 11141 5522 985 3792 6221 11298 13622 10381 8187 10832 14717 1178 12001 14445 9291 14865 6200 2215 2465 15066 11933 14567 4734 13494 13475 11332 11261 13536 12772 15639 3358 5259 6476 14967 14011 4876 5136 2446 10725 2226 15471 4056 13586 6181 7647 7804 13335 6355 7188 1915 1120 2247 6165 10788 13658 1945 5455 15959 226 1728 10826 8824 14221 10549 5557 15505 15677 462 1654 1938 6257 6238 15179 10251 4672 2199 7464 3473 13404 6946 6847 2158 11319 6139 11776 9627 15436 5784 635 5004 3643 3283 1723 11473 11547 13264 5261 1500 9410 11495 5319 12743 15761 8914 6234 12817 13425 5740 11279 14797 4452 6430 12769 10100 15544 5131 10574 9422 14247 6279 298 7620 3708 7100 11723 178 8838 9327 6363 1163 8260 10235 1693 15141 2274 7377 5041 10539 3052 10822 12367 11970 11138 8072 3010 9182 4298 15580 2539 12987 9911 9029 14398 2066 14433 12887 6415 10804 6119 11894 4815 14962 7531 6782 12462 14681 3148 10598 6852 1987 4912 9450 11788 2428 4221 443 721 12402 12045 13115 4954 14746 8888 5938 12945 1773 1603 3879 9453 9322 2367 13928 3175 13551 15082 1328 11327 8655 1385 4332 640 14172 3955 937 14838 6556 7754 14245 2614 8195 2967 13830 10104 366 10097 14271 13189 1407 1765 371 2214 4873 766 887 15230 9348 10757 2027 7079 14727 9946 12333 12783 6329 8525 13869 7076 6747 12197 2510 14120 9637 14153 6101 8482 12606 13765 1951 14692 2761 1595 2984 6269 5975 12450 3009 7981 1269 925 14713 8320 6638 13080 1826 3769 5829 2422 12935 6136 6194 4378 15085 11321 9995 3722 15323 1829 6117 6420 14705 7216 3212 426 10495 15091 2345 1751 488 10108 15888 6147 3922 1606 341 227 361 15236 12923 8982 12321 7279 9367 7612 746 1646 9281 2239 11885 11665 6825 14342 7803 3595 3756 9116 836 7152 1185 358 1638 10249 13842 3424 13854 6816 286 9814 8211 8089 2418 14954 11347 13024 2774 7040 6625 8042 10784 12427 846 11042 5443 688 15533 14072 2763 10664 12124 1772 13729 13352 7436 4517 511 3944 8369 15454 3784 10750 13022 14138 14440 4966 15753 12438 12446 15862 3695 10837 13749 1790 6484 9280 2828 3591 4729 4997 4142 14499 6488 14176 8993 7729 9953 2503 11637 11638 14538 5142 8526 9278 14148 610 579 3398 9224 14790 1329 12950 9208 5857 6042 13410 2499 12931 4882 3499 13283 12276 2526 9965 2180 787 8172 393 12426 63 2887 6073 9337 4969 13070 8374 14380 9184 4871 2787 4849 8411 8443 4985 7489 6963 2084 1769 5209 6651 389 10758 6368 2406 13107 5761 1024 5396 6854 1332 5086 7639 7445 13099 14364 6530 8854 164 460 9094 10856 13681 10693 10121 15159 4041 7521 13169 4918 12103 7483 6804 8277 3117 2818 15779 8648 4902 8457 3231 11713 12660 2167 10428 9892 10920 2866 6658 15574 8460 13624 7753 8134 14900 13544 1858 12167 2938 11034 5166 2343 1009 10347 4545 3248 470 6648 5191 10525 3077 12567 14549 10893 3515 1854 5703 4661 4915 811 1216 3003 11873 13462 14831 1210 1086 14219 10271 4959 12472 15952 13748 5945 13470 1615 396 9954 14578 11093 15717 2574 3432 8975 6121 13678 12916 13849 1561 2979 14435 14658 3920 10681 2400 7959 11555 3996 12730 11269 4169 9048 554 1345 10967 10182 14264 4274 2636 4271 8912 10452 439 5510 15861 6700 8640 3300 6893 2000 11815 2721 10297 8602 7385 15103 14491 14835 8748 7198 1745 5223 4852 9616 6565 14582 14643 11968 2557 9898 12184 14002 14393 10332 5279 10733 11413 1590 6550 6013 12972 3276 1214 14309 9090 14841 14531 3389 5245 7383 10468 5324 623 7653 73 10640 14332 7923 2575 15338 1720 2079 15939 1369 4962 8493 10095 8598 13297 5720 7154 6744 2705 1474 15886 13081 12325 12111 4301 4511 8682 5215 362 6458 11262 14128 14413 9778 803 13408 15420 11350 3599 1916 3947 12712 695 14012 14937 12605 13365 3876 504 4754 8974 14883 1175 13481 575 165 10098 507 12791 14916 14074 4392 14793 13584 7868 15626 12517 9342 15181 8500 2494 12094 6668 5308 3344 10649 431 9473 777 9316 14151 3288 11380 5252 11267 2273 8104 15974 7236 10405 5097 3765 9396 4108 1810 1378 5775 3680 1836 5039 9122 9457 1402 3044 13961 14511 4285 9725 10560 1574 3452 2857 96 2243 7891 11667 1869 11331 6096 4518 7070 7090 9972 1707 5425 7061 13682 1219 14009 5079 14880 2093 13959 14508 536 2410 922 891 9310 7370 5023 2717 3689 13084 13545 10528 7592 1167 550 7459 283 14471 7696 5502 9591 9523 14632 15556 2812 11492 3719 14401 6702 4698 628 11366 4364 11418 15183 3351 2238 12788 12128 4671 12936 3221 7048 15664 11930 8133 3335 7550 7648 4573 810 5942 13422 3519 11450 2663 4817 2182 3096 12688 3155 4747 5859 9594 10458 2722 5657 6534 7725 39 3362 7730 8660 2471 12570 11680 5165 2495 13999 8333 4907 13053 7918 3553 13808 2648 10691 1678 2740 12040 2312 233 4345 4515 8037 3693 75 6452 12694 5172 15896 4787 1898 11081 11783 8496 143 4624 14173 14306 10042 3466 5619 2056 15462 6554 5258 6025 13922 11161 10966 11657 6518 9600 275 8261 4344 2134 2218 3261 446 10631 15593 3488 2937 4121 9818 5801 11979 10661 7848 5781 14290 879 2176 797 7870 14112 12310 263 13702 13988 13983 9034 7041 9649 12194 15033 6349 8684 11440 9350 2948 13261 13322 14428 10322 4317 3692 12752 4482 8794 1517 14570 9218 12507 10976 14554 7267 5944 6975 6555 4376 13656 13969 754 7986 80 9517 7857 15852 14984 13593 7215 2573 9692 14197 10370 15727 15755 14804 9105 11104 15496 4433 10721 9880 6218 11320 12623 5918 5521 543 7262 15921 2150 11425 12862 2599 12399 2404 12356 3382 4947 9394 6301 14202 679 15053 11370 9444 14319 10205 5257 1068 4276 14798 1028 8219 14812 5313 6127 12616 8475 15944 7467 15951 14442 5658 9452 1200 629 7613 1058 10442 4896 14541 1381 6157 14939 8848 2051 8080 6549 14836 11901 14613 3123 11541 11113 12300 14096 12659 114 11517 8565 8951 3963 11770 13930 14558 12775 6003 2720 1365 1389 3379 11323 11666 10198 2766 259 11646 8674 2706 4646 12384 12684 2875 1468 15269 15004 10887 9201 8192 15381 4957 277 2053 4539 1428 3311 1917 7916 2942 9780 9590 14149 687 8487 662 4244 1780 4016 574 8638 539 7359 8693 8073 12802 15492 6078 8280 5421 5356 2206 15326 5578 15009 4748 7883 7862 14759 9125 15776 12482 12814 15540 8558 8544 8483 8971 3567 10091 9010 3349 2518 11115 14943 8141 10501 1080 1037 11929 1248 3898 15583 13063 8944 4125 14142 12463 7630 214 8086 6125 4126 10353 5353 4110 5176 4770 7757 9727 3119 2500 5116 5350 3736 13516 9068 2924 12377 13670 8725 2855 11208 6376 4478 14273 10753 6674 4991 15385 1979 3897 4709 4394 1169 13424 7142 14826 13741 14082 1537 1150 12848 2823 5911 3082 976 13326 7722 14157 6892 3866 13680 11447 10009 2201 13970 10434 10278 10408 10407 11378 9474 4028 13216 6513 10093 12317 15610 379 4613
Route 8: 2768 4444 14733 14249 12617 3105 9669 12926 4129 7375 12837 3655 6281 1239 5437 360 9055 9247 11134 998 46 14463 1156 8127 3181 14251 6561 4500 7014 3176 8687 417 14821 7131 7676 3946 12153 14901 576 2311 4348 5523 6616 11224 3447 7694 12819 5467 2960 12316 12140 1800 14324 11990 4695 180 6322 11344 10179 15899 11411 15842 13206 10996 7908 3293 13509 12319 14357 15482 4045 9904 5235 4686 2593 11793 10853 13740 14929 13800 5789 4316 1410 8268 9980 2166 13227 13451 12447 2641 13533 15594 5548 12963 7115 8432 12039 12345 10356 9381 4609 11340 11153 4507 12785 10642 13946 11895 11846 9772 1743 11133 10580 4214 14477 3255 3014 10818 10787 4039 9312 9454 15607 1768 13030 7638 13839 5515 7743 1977 9653 3704 7614 14592 770 6266 4036 8415 3427 10333 7433 728 76 3500 5526 10651 10014 1452 6923 10064 1233 15341 13489 2771 9168 5355 3132 13829 5376 2971 4741 8171 1814 15723 2301 3667 5535 6845 7558 11636 7917 7640 4536 13523 9190 14184 704 2538 10602 5480 9258 3425 5957 2531 14356 4255 7330 6318 15255 4961 11386 9869 6922 2651 2352 11690 3201 471 381 15628 6738 6944 7487 15206 15978 4261 14422 641 10337 2479 1199 1124 5815 2229 5925 4742 14653 4347 482 14166 6039 12062 5790 15039 15849 9609 7549 9969 9145 5087 3065 2067 11300 916 11773 12022 1272 11243 4074 6081 331 15387 8056 136 11200 3497 11391 255 5514 11239 13366 3408 3072 14704 12675 12267 13437 12864 7301 6361 3298 9883 13222 15870 10252 1861 6794 14431 14850 5387 205 12946 2631 15272 3104 4943 13710 10385 6448 8522 9654 8346 9236 237 9652 10521 18 4984 7312 13889 12739 3541 13229 5581 5155 10219 11891 8456 11586 2387 10102 793 2739 2381 4520 4760 9678 6182 5691 14243 15767 7290 7244 3271 3766 4489 7846 4941 6626 14272 10169 8594 5243 12813 12552 14878 12212 7958 3683 6629 1400 599 8992 14028 11560 11310 2961 11278 10749 2 5587 13727 10811 6071 13642 3456 11856 12905 3588 6360 11166 1415 5462 3429 15174 3672 7300 5961 7821 5606 5082 9288 7004 13973 12012 9118 7407 14041 949 6838 12501 4014 12193 5022 9416 1144 14750 9408 2033 11946 12181 11075 8956 7940 1465 2846 4550 1362 10063 11201 15343 5886 10203 8463 8328 13569 14291 13134 15718 587 15054 1158 10518 11763 8402 8765 5102 61 3006 11508 1700 11672 5588 8837 1352 311 905 7956 6027 13103 9751 13784 709 2808 12002 6948 5700 1418 9586 11843 12918 4473 4400 3173 11898 7766 3366 1682 13689 249 4133 8821 10371 4240 14379 12664 3508 11036 666 11693 3274 2071 6428 7977 10044 6416 3140 938 6508 2220 10354 10860 1171 3002 12902 4850 8958 5218 6487 11691 13108 13573 1520 14248 10350 4439 3573 6316 2154 12352 1322 7039 14475 15422 12576 13942 2904 11554 4136 6033 2606 2908 14295 12466 11736 6378 2256 8997 4599 9959 4351 13556 10073 6357 12009 11816 1113 6913 10679 1847 3576 5 13981 4422 2340 580 8626 14053 15424 9602 11471 930 12035 9360 13095 12394 4572 15390 14845 3907 211 3568 10948 14010 4594 9227 2439 9829 1197 8942 8551 13478 8708 12120 2552 10974 1094 7896 6762 549 12695 8688 3841 433 14410 6431 8112 15178 7438 12532 11412 13363 2882 10730 15577 9784 9871 4222 15100 6656 14739 1563 7943 699 4305 8017 8889 1882 11618 10508 5378 1752 5220 12959 56 9213 13618 11068 2964 1182 2950 15859 2021 2550 13217 13245 8484 1359 7456 359 7167 7741 1090 11341 15758 14001 8184 5360 8400 14877 3596 7461 15257 11645 11070 41 6251 2338 2278 14330 4622 12202 852 3782 2900 589 3521 15945 15695 5069 11632 8610 15657 13774 9210 7573 13875 12036 11890 12859 3413 11670 4149 15198 5290 9152 2478 3326 10914 15136 6169 8757 5099 1347 3894 14955 9930 15824 7012 11266 2797 11156 4553 4502 6869 14152 1501 1796 15158 7551 6479 10375 15427 9889 1489 5138 10910 7541 15005 6461 12294 8669 8813 7134 5042 13894 2788 5888 6779 10484 273 6712 9824 2612 11275 14520 7773 15550 9919 8938 5940 13762 8202 6774 1856 6023 2264 2589 13445 13845 3209 7538 13139 11504 12784 14420 13887 9793 14842 11112 9302 1140 15964 9806 15507 12256 9608 9412 5528 9748 7492 1033 11532 1820 4796 12204 8449 3859 9518 6844 8588 14061 2057 6303 1731 15283 1346 3883 3092 10845 6974 9764 9354 9546 1361 2284 2347 7454 15429 3873 15235 1005 4474 5830 3928 4749 8528 6466 5978 1204 9061 11357 9173 11343 11973 15276 8778 139 12708 5221 14917 12339 14576 8833 3908 6153 11863 3743 7264 12386 7058 7561 11758 5047 3039 12878 6166 14351 12799 14065 8972 8053 4202 2719 6427 13564 6203 10383 5483 299 5887 7604 10445 12600 6083 11961 1390 6299 12889 11703 5009 11866 6563 35 4499 10101 15785 14540 3340 9606 14298 6168 5901 10994 2559 1405 12826 4096 9794 6497 15392 11538 6850 1154 11882 478 10185 5291 10338 11291 9000 15725 2505 14855 15018 15827 11742 4038 2755 15975 14635 12299 3127 9733 6002 15079 2633 14429 15028 12582 9726 480 15375 14606 1988 14933 13541 6918 13717 10855 15351 13835 8382 7691 15448 335 14694 7711 5161 553 2324 9325 7032 4051 11511 15989 487 1020 10714 12636 10817 8020 8737 1426 8345 9890 10469 14552 14595 11405 2141 8545 9486 10305 15180 413 9415 352 2659 5024 7982 15615 1709 12614 1837 4546 15233 965 4809 6432 3877 11355 8383 6372 6510 3786 15531 1414 13110 2250 8721 9225 9583 3314 11639 14286 5490 9950 2448 3051 13657 5692 8675 5893 9438 13344 2232 11955 464 4781 15880 12886 10636 11189 348 4062 19 7563 6419 13484 11519 4779 14505 2635 5203 1641 759 11568 5689 1999 10372 7368 9086 15122 5620 14434 9043 13956 5649 7037 12604 7817 7748 962 4089 1675 6394 5132 179 1459 9237 313 9212 5647 11360 540 6364 12238 12328 12460 10051 6611 7651 2395 11575 9626 10022 1050 4417 8371 14788 9091 2105 2339 278 6542 2825 1766 7571 15312 13329 9405 6579 11949 483 6250 7338 15597 15669 6388 11753 9620 11187 15336 11853 8253 14712 7104 10212 15264 10582 13047 10058 344 4810 11354 4795 3545 4645 5414 9768 14986 3291 2050 1905 10230 7326 8235 8533 5964 737 1098 3710 6870 603 10040 4228 15633 14135 14485 5251 825 15058 5492 8045 14339 2567 11147 5085 8122 11299 11556 8093 5445 11608 14405 13914 10949 9564 9731 15863 860 9352 13863 5974 7649 6842 10253 14062 6716 2940 10596 10982 1873 4717 7389 6831 5413 12006 13324 9414 9655 7566 1554 2874 10923 13580 8859 10013 10849 3435 4193 9777 2296 13460 10192 13312 2373 1777 4930 10998 4457 1387 3440 6037 12490 11675 9529 3891 14702 11654 10470 10158 3942 5596 12296 15793 11975 12288 5668 13151 2759 1320 5460 4662 1598 13042 1159 14270 10308 7204 5286 7900 13017 9877 10071 374 4075 15881 13785 7997 4477 9449 2988 11579 12029 13243 14050 11677 2946 11840 12361 7948 10359 774 2370 10119 3650 8670 11155
Route 9: 8422 14601 10884 4898 6874 12548 12564 3110 2389 14111 4992 7685 1360 12610 2163 1091 8986 4990 7819 2673 3028 8949 13288 4659 7989 8541 8981 14049 12575 5051 11596 1875 9943 3237 2826 6344 14188 3133 12829 13502 9053 13456 7251 13018 4369 5402 9538 4207 11671 12013 11073 5137 2936 4167 15099 14177 11035 3019 1972 6881 12672 7902 7532 5271 7440 11463 1927 14544 1541 4890 1524 5572 11006 2613 15013 2748 11652 5301 12811 8665 11005 12007 6954 562 14025 6229 9720 14542 4963 12638 12137 8885 6321 5821 14608 8216 2604 2523 548 8782 5368 11738 7208 6860 15947 11402 612 14207 7418 15734 9640 11204 2686 995 13579 9548 3652 7839 4319 10186 3486 1101 1023 11432 3020 6297 8222 3449 7834 1132 2451 13423 1316 12087 2809 2189 2280 10594 6586 14667 12742 5870 3280 1981 4455 544 13496 6224 4503 8550 9315 14449 5732 1165 9332 11190 5334 4288 3598 8736 9294 3250 14684 10432 4977 8651 9537 11414 9571 2289 7394 3734 3135 9124 11368 14942 11221 3934 13244 15045 2905 5547 5529 7465 6543 14772 6808 6254 4675 9884 10118 10879 1578 12160 11388 15125 8322 1364 15996 11588 7484 1771 4100 10971 13359 9334 7373 11101 10718 6914 11407 8038 12668 3962 15449 743 11069 11457 11522 14882 3700 15931 11798 1937 13776 11358 10687 13191 12565 15137 10620 8547 10346 4660 6398 8574 12126 11689 8801 1438 8523 5591 11868 8353 10953 15460 5189 8568 247 2200 14019 14584 3179 284 10068 15790 6105 7718 9402 2427 15164 15064 10277 14680 5513 1168 5706 12148 9439 1288 3481 5519 9951 1284 4558 8150 5417 8881 8724 1640 7678 14696 3388 8074 5791 12890 12740 7780 4588 6723 4802 14564 9724 1704 4719 9269 496 7583 7114 14673 5698 15868 1612 9810 1969 2795 15251 14229 15622 9087 877 9475 14690 10684 3614 15138 4239 15906 3512 7714 2570 14274 6840 1966 14612 7240 15791 11311 3305 13237 5441 7947 10075 15228 12796 6283 4768 11288 3981 10732 14710 8615 3369 1935 1292 8582 15598 8396 10886 1887 827 2335 6313 1355 1783 11207 2833 15177 12480 14146 12235 3017 5996 6011 7478 6877 15313 9488 10174 14777 6210 16000 5899 10692 12270 3949 2282 3537 13513 11937 13546 4634 230 5230 9485 12028 12720 739 13693 3606 13248 3099 7202 14610 1832 2160 1889 8846 2546 14201 8932 461 394 2136 8343 3753 4072 8335 13270 84 14535 9501 9185 2122 13525 5010 5702 8380 6167 5776 15924 2585 15061 3505 661 10024 8461 2699 12808 10751 6217 3975 8136 15271 5831 1910 7735 10513 10384 10985 15611 10256 11367 11572 654 1555 842 8969 15551 11651 3434 13347 14991 1695 10800 4946 9111 9244 11867 15133 13781 9028 15671 11777 10320 12909 10941 7783 13768 193 15559 5343 10215 2906 4044 14695 13215 13089 14803 7680 9113 6783 5247 3802 14042 3194 15835 8606 12732 12190 3206 3000 2629 8913 1404 6621 1455 9551 2302 10799 15101 14545 13708 6727 3857 15156 9179 15218 8920 15788 9666 12440 9599 9922 6449 11460 14587 14989 5570 4150 6745 4197 2661 7914 5202 2888 16 15904 9204 15751 1516 4279 1372 2665 3985 6984 101 4438 7129 10281 13027 7859 12773 10545 7892 13374 10932 6826 12844 5077 14768 3754 15638 1948 12737 11162 10983 13557 713 12263 5985 1566 8728 4131 13761 6999 4853 13497 13327 773 5095 11779 15025 10049 430 12903 9613 7473 10272 4007 3290 3926 14501 9704 4712 11428 6606 6743 4318 15252 9716 6785 12545 5875 13713 11749 9292 8291 3126 14566 314 7865 10900 5338 7644 1518 1569 2681 4837 3895 7055 3027 10259 3943 1114 2240 15486 7523 10648 12953 3296 5399 13866 10540 12551 15799 15227 7955 10667 10485 7378 13066 88 5018 15405 11096 10892 15142 4544 10546 14008 4287 955 9589 4927 2124 14563 14516 15933 11601 12615 5724 6175 11395 13112 1430 2228 632 12227 1496 620 1244 1202 4087 9498 10763 3578 12881 14815 6048 6308 11877 5088 868 901 15123 6538 9896 4484 11542 11823 1954 1240 10786 15202 2292 14778 4359 12113 12229 2982 13415 8584 5990 15795 11108 13251 13571 10690 5430 10527 9828 15506 11548 14892 5318 7361 7205 7675 7929 8001 14399 12134 9399 14890 11434 1984 15847 7362 8499 8527 12102 12247 13231 9371 5275 3745 242 2553 5214 5977 13350 11880 3285 8301 8480 10634 10872 3630 4035 10223 10309 1735 2082 5007 4925 9497 9328 6924 4845 7632 8005 9947 8174 6697 9723 5675 9533 15485 5722 1021 2187 5715 5655 9502 5385 7425 7963 9089 1264 835 3937 5969 3219 11282 3787 11769 779 6202 12468 13542 15425 9689 2348 3976 332 885 10498 534 5052 12900 13984 10827 2470 14160 10092 6310 11116 13345 3251 12172 6258 10773 5403 6855 12417 4313 15805 13912 3707 13249 5708 6820 7031 7099 254 7005 3374 7723 13861 6245 11314 4291 8804 11167 3629 3233 3040 13826 9660 10156 7053 11750 9885 13617 9659 10072 9202 11984 14257 10390 756 4528 13190 11143 10330 2609 1542 13438 5549 8512 11857 4826 6367 1096 6280 11491 15867 6703 14503 13120 1436 108 5466 15525 10919 10570 12904 4851 14652 14318 7164 6939 10703 14459 13872 15984 4505 14801 9902 11283 9344 3220 3262 10419 8835 8058 14718 2709 310 12287 15432 11972 15433 2466 15289 11297 911 4759 13146 4584 11302 20 3301 7194 4031 1521 12046 111 2669 1893 12595 7689 1526 991 15044 5144 14279 15204 11887 857 4017 8968 7795 4437 10087 3259 12381 9847 14806 11804 6327 13690 4924 744 10610 14998 7568 13137 14972 1323 6522 12075 556 1061 15581 11735 2793 2483 13434 2001 1812 1070 13775 12581 3862 10782 12489 14776 10496 13130 10810 9073 2549 2318 10851 2817 8517 10184 15207 8910 67 5508 10492 15619 3697 8451 15441 2194 15656 5071 9837 5682 7658 5260 15928 1066 2576 8617 697 7412 9037 2323 6077 8658 10248 7690 2295 290 12236 9194 529 3115 2728 407 4241 9531 8332 8271 295 14662 1078 13725 557 9026 4069 3921 11382 15007 15754 2785 5827 11469 7261 3192 9216 7444 14648 569 14396 9845 6393 9677 15470 12994 10657 4555 4085 2403 7350 15591 3851 6841 12520 9747 7177 4018 11171 14232 11989 15648 28 3915 12338 7687 2999 12867 14310 3106 11684 6981 3368 886 11009 11286 15501 10613 8208 4144 7292 9482 7223 13563 660 6937 12993 12095 12632 3317 11159 12053 4421 11122 11927 14117 1538 2270 5670 4635 2675 1544 14683 2876 14827 119 5861 12847 856 6505 4306 10362 3073 11089 2639 741 735 6108 10761 15991 8363 7109 2715 10927 2667 10035 3498 4831 6962 15783 2868 9385 13087 3617 15388 7828 13379 11307 6293 9745 9393 3834 14047 10125 308 7329 3286 1825 541 8034 11897 9743 11722 91 12170 15404 1434 13803 13672 883 2791 12882 6170 689 3324 11534 6338 2437 11765 6491 13661 8419 14423 6755 23 12810 11784 11564 10825 2778 15786 7952 3966 11277 9279 8719 987 3341 5594 11962 11756 4139 11806 9221 5157 14786 1002 154 14404 5551 13802 8491 12398 5674 542 2473 14689 10057 4711 10977 15878
Route 10: 7975 4427 8337 2649 1297 4942 7756 1849 12425 204 6575 990 7173 12265 2829 4309 1149 5000 8388 13615 10683 11660 9905 8767 5461 11037 15127 10735 1433 6174 2626 15 10901 2695 2196 3616 8342 5447 9680 15304 4798 4928 8341 9491 14362 2632 4475 1754 2474 3887 11128 7885 3138 1722 13816 3820 9006 12354 2461 1715 11953 14664 2062 3272 14970 11067 11236 12647 3801 15182 898 5710 12653 13820 8100 10111 15919 10973 9797 25 10286 13343 11496 7631 15746 9647 4753 9163 9429 10850 14253 12872 11219 978 6178 2433 15435 12725 10888 12958 11271 705 934 6792 2145 6719 2524 6493 1644 3615 14655 15655 702 11174 1515 5518 8573 6699 15014 6036 11058 6490 3191 14234 6953 12899 15205 5621 4386 7263 4187 6356 5921 1567 3345 11529 4838 5150 7060 12286 13340 15913 5735 1631 14163 14331 15748 3403 7095 13002 13879 1628 6092 260 651 10737 8336 7739 13349 7882 4647 8686 909 2315 9295 3330 10113 6585 4472 1558 6059 14095 4906 13225 8509 1597 12827 7740 15072 6753 2842 12511 4891 12003 14621 14940 12327 11057 6903 5129 14785 8095 869 10791 1843 619 1960 13589 11809 13471 9552 14628 6070 14145 7657 12964 14698 7072 11462 1463 3838 14337 13031 1035 10438 2627 10561 15705 8190 11459 4655 368 15469 7847 12380 5193 8285 10266 14415 813 8946 11095 9799 15440 6978 15348 15760 14761 6204 14740 11381 3677 3560 14930 10688 15019 11600 13195 1894 13372 14258 10907 11364 5254 12855 7047 3024 6570 7128 6689 6645 1941 3492 14780 9192 7477 3528 11829 1974 9912 9431 3393 8446 9158 1189 5169 10207 9505 11121 816 1190 4350 14591 929 2798 12221 2682 13643 14784 8513 14436 967 15478 5395 3951 11421 3479 9195 2711 12000 4651 12762 14192 1289 212 12261 15698 12224 7229 9924 9693 14528 12663 7346 3253 806 6740 13257 5017 9096 13233 5192 4263 5382 763 7776 10997 6164 10576 4972 5093 15092 15566 14902 12240 8143 6111 37 1740 6350 4727 14795 13685 15833 1392 93 604 11932 9686 10478 7132 15983 2863 9968 9383 3225 14484 519 2930 13057 6798 12863 6671 58 14656 7707 2420 12539 14982 12038 3824 3236 14305 1859 8188 10736 7324 6669 7280 4012 13064 9582 7386 5125 4443 10225 15690 11336 7028 1838 8370 1143 15539 2758 9117 15560 12770 2989 5904 4840 2827 1939 9300 6434 10678 3559 15119 8490 13320 1063 3970 3275 9078 4299 4349 4451 10754 421 1011 10077 3646 8560 14814 12526 12253 5112 5881 9267 7931 1775 748 14204 1089 14321 3844 14897 3632 13597 4886 3969 5227 4547 8372 9741 10020 2320 500 2450 2440 10723 3210 6267 7755 8361 13212 3420 12977 9340 4993 2137 5083 11549 11212 7666 2554 4640 15830 6489 11622 13129 1807 9893 15789 1968 12649 12849 1639 4735 10943 8078 15329 9020 2087 1549 9942 12429 3453 6236 9480 11912 6683 12853 9832 11031 7705 13254 15374 902 6592 13150 451 8132 4681 12098 11627 12978 5287 5730 15517 12573 5661 8631 7922 13901 5139 5948 11242 369 128 8204 9112 9990 1582 11484 3530 15213 15367 13997 1047 15193 5811 15237 300 2922 9937 2143 9913 12801 6015 14238 6882 15762 7726 9141 65 7619 8580 11746 3663 4013 10542 4238 12682 1663 4799 6765 12774 437 8730 13485 7570 11452 14522 15700 12083 1229 6965 13043 14395 14753 4460 7426 7272 5823 9198 11154 10217 3494 12970 1755 8437 1419 9888 312 3798 10553 11914 10548 13479 13262 14216 5337 4788 11465 4557 15768 8619 4138 8926 6795 1770 2856 9040 5059 10835 11865 7798 2085 13498 9909 9570 3189 11717 410 12792 409 9867 15784 1553 8286 7007 8111 1326 13899 11931 11869 5103 3662 12574 9617 10830 5743 2174 1919 8597 1293 3323 1294 3548 13205 9879 11427 11598 163 10310 3524 12266 14242 953 8237 9186 83 15401 8695 13072 13361 15378 11942 13511 11506 1172 5130 4864 5468 2475 8052 7823 2376 4337 12437 6110 14016 6659 14071 10514 14894 1998 13109 4812 6528 6294 2177 15902 4936 3601 13695 3510 5110 7430 6171 15589 13045 1112 14674 5292 14067 1072 1868 9305 13505 10930 3594 4088 10646 11028 7313 5892 14675 7224 7075 3935 8529 10643 4368 15596 5397 13370 2742 11151 3266 13529 2957 13960 8069 7759 5750 1627 8474 6156 11248 4535 9273 6120 6227 7547 5249 3282 6863 9320 3364 15035 1845 296 8375 8161 11561 6771 12021 266 9004 1540 15592 2569 11951 12448 4137 241 1181 8103 9178 14851 6385 9632 10475 13653 4626 7044 1088 15002 10391 5736 4996 15394 2992 9715 9665 4246 3522 10222 10699 5638 14884 9199 4209 5582 12589 4687 13033 4895 5840 5195 9262 12171 11574 10981 15532 9722 12834 12833 6943 14131 6672 4579 11164 1741 9940 2399 5652 584 538 1250 4534 3558 14843 3717 14745 7059 12234 10017 2896 1531 1138 1877 8231 9240 1285 6334 125 11982 10972 509 7027 13731 2601 13967 11 4663 2683 15379 15386 1746 13455 2139 13149 13141 15203 13978 951 5180 2723 351 12651 4033 9683 6514 12677 13818 11016 15244 15772 12550 6371 12242 12375 14293 7769 11225 3245 7067 13258 66 9983 10082 10086 11146 3551 6198 3081 15328 13259 13856 12397 12433 11550 6952 479 11700 13398 1710 12457 5882 2358 2054 3991 8129 9842 13667 751 15920 10586 10488 4262 6933 1633 6195 12665 7388 6956 13319 5160 5283 9557 4777 2394 13977 9230 5839 9581 15456 15858 9568 5340 8707 15538 355 10261 12821 5401 15029 8832 7000 1547 6417 1087 14407 5389 13449 12530 6925 3752 1062 11140 11884 1705 3533 15160 2298 3146 6397 7013 11235 2562 4229 6324 11926 5636 12337 14282 15697 5947 4832 2677 10531 12130 5503 5446 13221 2563 7745 3631 6216 9874 1490 3360 8744 3222 4744 7874 4807 8185 10958 3770 8067 11724 12061 3056 5011 14250 10227 12976 3788 12701 9205 12611 11950 2111 1576 3665 6034 3333 6112 10472 971 6114 1733 4751 12054 107 3746 1411 11599 14839 12939 8289 13746 6532 12018 4868 1591 7147 11785 5642 11117 13458 15898 13013 15094 7697 15134 1593 6134 9674 5877 8637 122 12644 11029 5435 12645 13976 12800 1348 9142 11591 15759 5418 12215 15144 13878 7043 7875 5141 13357 2397 7835 3868 12203 5127 8659 14412 9277 12787 10244 7238 12860 10019 1006 11126 13314 15676 8893 4061 6524 2547 10698 5799 984 3443 6829 6537 11259 3840 2248 9605 6387 1470 13566 9181 5745 5848 3005 7322 9102 5965 13752 4182 7241 3881 11345 11834 7023 9830 14853 14254 6580 9347 12419 2703 12928 2332 2380 8666 13419 4506 10819 8182 4236 5828 9572 7293 6662 6515 9293 5694 14063 267 6517 10945 5613 10673 8519 14729 10199 7116 1872 8164 3814 1442 2396 15084 105 652 11566 11826 12056 1942 12142 15934 11610 7145 10191 14773 573 12052 8246 5654 6399 11819 8084 13435 6506 4146 15222 14802 10290 4225 2061 10218 4356 12857 4295 8769 5464 6444 463 15342 4247 5013 4328 282 11754 14465 14159 7906 13719 15981 14609 11098 4979 13173 4015 805 3188 12744 2155 13016 11830 716 14068 151
Route 11: 8023 12444 9271 4690 14755 3401 3023 8662 9834 3230 11431 10717 11578 9615 10459 15152 8407 6822 14619 8616 4988 7700 2618 10267 4911 5972 15431 12983 10228 6265 13040 2653 3402 9555 10197 7038 24 15083 13813 11992 12119 2565 8015 829 6941 9585 3816 10486 6467 1317 15324 12275 15445 2118 3008 14360 11954 7762 6859 15041 8973 14957 10793 6690 9775 7351 15081 8283 7934 157 12641 7995 4463 12999 13332 12630 2799 4705 5765 13913 9009 15710 5471 11879 2330 4519 4195 10206 8179 2081 4508 13266 12741 1298 9773 1049 8162 12907 7829 5558 10541 153 13793 6090 4435 1897 1221 4289 14654 13407 15965 7693 15277 86 14122 221 11168 13310 1485 11963 9072 11526 15413 10859 13157 15106 14506 9443 4763 5390 8925 15383 8055 5671 7360 3095 11797 5500 4897 2489 5571 14687 14180 10881 6424 11004 8087 14427 3439 10938 3705 10163 4578 9721 12685 5269 12127 8229 11640 7998 9016 12306 5168 15733 7598 8390 7542 12683 6817 1617 8922 5949 8313 14438 4736 6342 2018 4194 4282 6637 11025 4721 345 15683 10535 5233 12652 2170 4352 7953 10627 8711 162 4700 4874 10477 4780 11952 15822 7634 1577 14130 2357 4116 4323 7423 4654 2022 10588 15408 1295 5040 6062 2267 2820 3580 3145 1475 8566 1469 12084 6773 4872 4821 1481 7871 14359 12981 2482 9397 6347 6478 2078 4335 5534 10964 14618 13473 760 4249 10975 3504 6018 4204 3647 8247 12413 13321 4411 9694 14132 367 8051 1303 1925 6213 11010 9928 3204 13136 13585 13971 8257 6807 14649 11044 11251 5485 8097 14744 14203 1122 7993 10402 14769 10032 5126 15769 11505 2655 15322 722 5364 7105 7607 10970 12593 15585 15958 11157 2544 8459 11072 8043 14206 1458 6054 6022 559 4308 7428 6622 3735 5952 7287 15154 15234 11563 15037 10260 14389 7169 13559 15481 749 14403 13757 6149 11744 6742 13275 8766 7266 7130 7342 10493 14742 4488 14302 11545 10628 4726 2943 15568 1756 495 1164 1311 928 8984 12703 1206 11731 15124 4027 10715 5755 9848 10401 13450 10264 14455 3267 10903 11595 11922 13519 564 8699 5891 14711 8061 11643 10931 1806 14461 4707 4174 13315 9849 14280 8633 6046 9949 9366 6008 11635 15882 1260 12533 10487 2383 14417 3905 8330 1157 13172 15674 4702 9104 8467 10165 4034 14278 6624 7466 10647 15201 4479 10301 1611 7182 465 62 14057 5484 6758 1652 14103 14208 5037 6737 5905 5915 14023 6256 8828 14091 2674 2605 11822 10126 3880 578 876 5297 2149 12493 1834 7181 15365 2245 206 1235 9779 593 13480 7699 12609 8464 14481 15988 6917 1609 9079 2412 10883 5550 14995 11194 11764 3810 13444 15447 4877 14509 6799 4706 9771 5365 13289 12911 15910 9425 3399 12980 6330 11585 11841 1447 3162 10250 14911 10129 10273 9550 3339 14626 12954 7212 10170 13620 675 2839 11669 15646 13712 880 4199 10532 1748 11544 3547 5162 5644 1726 14792 1993 859 11110 10317 7623 7890 5465 12861 775 10080 3804 15802 3685 8000 9562 1001 5683 2042 408 4920 6832 15498 7408 3357 12379 5580 15069 7941 10180 9059 5005 10015 4114 5860 7083 7594 15463 5326 14480 15649 1343 11918 7910 10500 2757 5795 9592 415 15794 6337 9165 7336 8226 9702 5762 678 2932 736 6374 11303 7442 1000 2935 13436 15987 7616 14369 64 1281 1242 10706 13220 7724 4771 849 11318 2384 8486 920 13644 8452 10461 5325 13882 10318 1786 13548 3018 4513 7156 15260 1408 12975 207 5416 7593 8303 3063 15173 8683 5255 14590 5159 6619 71 6481 8955 5281 10070 11214 9819 14020 12008 1388 680 6680 12174 12138 15955 10008 5579 14565 3254 7747 15642 3780 11558 10031 1791 622 14262 3137 4775 5946 8264 14985 15508 15564 9275 10258 15529 12768 6843 7984 11821 3307 234 7806 7767 15171 9468 535 14017 13183 13790 1653 1377 5832 963 4841 7462 11673 10563 9011 11625 5253 6588 4117 5603 14660 2878 4120 14849 9229 933 5306 307 2017 10877 5449 7086 5400 257 5075 9644 6496 1232 15632 7125 8427 12820 3673 12822 3016 8065 5496 2660 10993 8508 2265 9719 9203 1779 14873 15803 7850 15787 13256 15120 9341 7996 3979 9558 10148 4995 11472 13474 8612 15248 9516 2202 13897 9005 6650 14386 4684 6304 8966 3088 2647 1008 4794 15459 7737 6029 15208 1194 6089 12244 1476 15068 11609 6009 14726 4948 15389 5933 13810 5488 4278 13662 1906 2249 8723 1351 6409 8755 5067 4447 13825 4 15046 12505 481 6928 9813 5756 14158 14456 15561 3069 9161 5118 11289 5444 14723 5844 11974 2393 7210 2359 7316 10448 12226 6895 14133 15891 11662 3718 12483 4652 4608 231 213 568 15844 90 6362 12441 5256 11234 4159 3121 2927 7387 12133 14620 12456 10120 516 1821 2776 2512 9536 12301 658 8786 3751 11616 7800 14446 9392 1406 9807 13279 3779 13286 10053 7302 9636 11720 7816 14961 3727 405 8158 5531 4408 14627 1327 7812 7493 4025 6325 7366 4373 449 13908 10154 12420 3972 11306 303 1504 12410 10616 12131 8811 1510 13806 5345 6560 8514 6411 5016 9380 6777 9355 2014 13077 2560 5721 799 13382 14092 7003 9597 10992 10554 5062 3618 528 14077 12430 8898 253 13088 15766 14032 10675 8011 6607 14084 7672 11851 5688 12368 12723 3669 9030 5852 5792 448 12475 10952 202 11607 1358 15275 7832 4154 7468 7873 11202 7411 7599 13492 14212 6340 7587 12112 15900 12579 59 6900 12504 10288 3903 6471 9622 6382 2452 12318 8567 8887 9460 4377 3094 8223 15745 15979 294 15829 194 908 1174 10287 11584 4564 8815 5527 10481 13504 3822 3712 14498 8623 8907 10168 8007 5436 1543 1107 11328 14083 1025 12554 3450 4307 10220 13623 13387 10291 5309 7019 4561 10844 1205 5950 10348 8639 10242 10265 15140 11097 1805 6551 1368 7650 7148 195 6068 4944 8918 15241 4230 13241 7920 10677 4492 6790 1879 14174 2595 15654 14035 13694 9219 5028 5482 2434 2435 7525 7527 14080 7499 3411 10451 14669 14630 3444 4497 10895 12508 7352 11438 14645 13639 10745 8014 3048 4092 1685 8022 9916 5012 12879 1600 2697 12033 7787 1226 13165 4341 2884 12176 309 4148 15049 671 6079 10656 158 15256 9532 12760 4937 2181 12313 11232 97 12525 8085 10864 15253 5890 4218 7629 190 8101 5505 11668 13543 9413 1863 229 5507 3730 7856 14809 15950 9376 4510 11521 4926 10088 2824 12673 15056 3758 1363 7200 7535 5147 13388 1152 4059 6977 11184 11971 10614 5774 3797 336 9138 9996 9025 7794 8874 1449 9963 10875 8650 3506 9765 6504 3546 6971 6934 4118 12258 8282 14642 11531 15371 6704 7979 9932 8225 10161 11761 13280 10569 2528 10400 15232 5438 956 10905 15954 15167 14267 9151 10934 12869 7663 1287 5398 8159 13023 9477 8634 15118 13594 10122 6853 1871 2845 8947 10132 8203 12474 2457 14634 12696 15702 13414 12341 14898 15515 15738 13625 4161 5339 10517 11664 11818 8697 13659 4975 8636 14425 287 2862 14424 11220 2086 15285 3468 14922 11803 15245 2083 7880 12519 8858 7679 14307 13184 1607 8807 15688 14968
Route 12: 3516 11518 1762 15168 15903 2658 8886 12908 6599 6682 1370 7376 14275 8155 11661 11077 650 11362 15357 10776 10896 6986 175 4052 12846 10680 6921 2744 8386 14820 8516 264 8872 5538 6043 1648 8564 6366 2261 12843 14796 12090 9377 5648 861 4720 14474 12876 9850 31 7184 3847 1930 12750 13572 5423 6980 899 12789 13011 2926 9082 485 12556 5426 11290 14562 10768 11398 9836 2108 3790 517 10195 422 13986 13054 12290 11900 14923 11017 6206 1299 13028 13811 2333 12618 4563 10558 1757 5562 34 7049 10565 6729 15024 3635 320 15513 6987 8207 5576 13488 14240 1658 9703 6571 3075 14724 15493 8327 940 8040 13696 3864 11771 7068 4929 8265 10989 5906 11730 13673 13819 5665 15839 8205 13526 13044 4483 12278 3270 11315 4470 12719 800 9154 14964 326 9915 13439 6628 13239 7927 6617 386 3916 1921 10523 12383 2133 8742 4245 1056 11179 7357 13454 7609 8102 14037 13207 14129 14214 13284 15191 5660 9044 5499 2092 49 6994 13336 9433 9286 4746 2640 4269 5420 15229 6272 7713 9907 10036 5759 12209 7118 4257 8530 12189 1997 831 15588 7213 13512 11466 10746 10028 672 1395 5726 1004 7271 2732 6132 5328 10160 14903 6336 4374 10831 581 1963 3930 15089 7720 14794 1116 7176 14255 12528 5429 13847 5559 2666 8884 9926 4772 13127 11507 4619 8790 40 8453 10314 3823 12566 5475 8673 7419 2288 8979 8855 10062 9140 14368 13929 4867 1278 15468 9524 7763 7698 2519 12366 11079 15078 1842 1108 7435 15409 14947 7162 10276 2371 3131 12049 5388 14493 3995 13059 5690 279 10861 2402 6408 15576 3460 5432 9831 1095 7913 7150 13603 1528 10003 9164 4248 5044 10666 9362 9821 15411 6282 13060 8121 3789 6038 4697 9060 13576 6890 1884 9645 1314 13898 2617 15713 13197 14185 12631 6991 10778 11255 12803 12188 6835 11309 10315 791 6259 4603 10840 11312 11825 10858 15662 12779 10394 8810 11173 5305 12841 7799 3278 6961 9311 8713 4353 14834 6270 9528 10321 10112 13616 15209 9155 2462 15185 14555 1817 7546 11105 15534 13113 10396 1461 4628 3983 8147 9833 12332 2065 2872 3956 7112 9440 5525 1423 11449 2513 2423 6499 11203 4058 15901 1040 14708 1936 10595 5135 434 12500 2172 129 13595 1482 6721 13285 12512 14639 5820 11921 14569 2442 15186 6572 3637 3496 5845 14651 10954 8154 5164 2497 8215 5699 3597 4828 6911 15320 7310 3706 1739 15936 6252 1318 7196 10617 14536 103 5622 5541 6552 11909 12968 7379 4965 1350 1712 8068 2257 15995 8049 3739 1082 2760 14190 14996 12541 15267 5560 13553 9717 13955 8124 15832 8816 5140 15114 8481 1177 8710 4595 9242 2035 7732 7225 13273 5632 2047 583 12718 15744 6196 6968 10618 2611 525 4079 4259 11198 9547 1487 6140 12842 12738 7589 5646 11470 12231 11325 3043 5749 142 14616 14676 820 7560 4710 11858 3914 15640 889 12722 1622 5375 15971 941 8515 3277 14813 6231 6440 656 3297 14715 15355 6302 1900 2113 3400 13859 8082 2952 13075 3971 2309 12558 9525 6940 1151 14029 12583 156 9432 15806 896 13122 9682 13390 974 10491 10437 5851 5902 3416 11602 11092 3482 4955 3242 571 13401 10426 2718 6728 5804 4326 3068 4099 6152 2319 1146 10968 12411 17 7585 5869 13735 15139 10471 3312 9698 14659 12938 10479 5635 7452 804 14345 3246 6319 9578 12933 268 9895 1333 3670 12422 15457 13974 767 6395 4587 5677 4232 14920 10759 6997 2634 5346 13583 2883 10999 4648 6433 1315 9193 3827 5517 8105 5450 317 9515 15925 5197 15708 424 1833 5542 4570 3448 6246 6582 6801 3484 9960 769 7768 7207 14326 6098 11150 5148 2751 8933 9530 14980 11196 2090 12736 10480 4401 12717 15909 11938 7793 15523 10460 12891 9825 4653 4286 7409 2060 10157 3321 9351 7641 8941 9863 4797 15740 3469 13048 1403 6462 4598 3527 15608 14056 8511 3118 12180 5454 1486 5540 1776 582 5889 3932 2152 2610 363 8368 2907 1865 2870 12390 9103 5359 11294 8398 15853 4842 10327 1619 1716 14728 2671 13176 15817 12042 15418 4632 11580 13848 14377 15391 7183 6379 5178 2415 13915 13801 999 12358 6075 2031 9873 2602 7496 14844 13733 6346 14525 1429 4251 8843 14454 14073 8796 5843 12731 10928 4869 2678 10926 1268 5569 13634 11426 15757 6138 10325 6177 15217 5096 15423 14299 11987 7353 6821 8764 903 1457 864 8546 14013 12105 7297 1876 373 15052 6901 4945 11577 7858 6192 8630 11127 5545 3833 14466 12156 15967 6767 3536 297 5504 10237 9363 13788 6830 3626 8820 3208 13772 5304 4300 15941 12104 4574 8781 5296 1396 8447 7884 8880 14336 3149 13282 3461 6080 11066 4542 11074 7577 1398 3124 3517 8593 7479 3241 15749 1321 10489 2714 6797 9639 10355 9618 5865 3768 9424 11197 808 14994 2354 12020 10509 6237 4426 847 3355 8930 2802 3234 4168 10114 11801 6421 11679 8577 14162 13201 9625 4398 2487 5954 5610 14774 15412 13684 6733 7894 2919 15109 7432 8272 8762 11831 8960 8362 15998 14088 7742 1749 1451 12592 11444 2314 1018 4134 7935 11805 5154 8255 11944 12118 11498 566 5124 6929 1711 13778 12283 10474 6284 15327 6521 12627 2193 9635 521 3143 11334 5274 15216 4123 8554 6889 10360 490 14045 14458 7273 11838 3806 6766 2095 10902 33 5439 9319 10869 5555 222 3202 15026 2991 14685 3294 6142 6191 15586 6676 7777 9470 12655 10530 7022 12168 7221 11488 3343 12597 3982 177 5771 43 6375 7605 14519 3826 11464 15601 7939 6833 7972 8909 8983 15811 14231 10059 10724 6652 5611 11641 7415 10231 10045 607 12535 6454 14066 5653 6418 15057 3993 6228 14605 890 608 6603 7746 11135 10593 13061 1220 13181 1456 13389 10254 5424 14932 7808 5111 3961 3007 7110 11400 1267 1499 6141 8445 9823 15732 4054 1909 7576 1823 693 3055 6713 1074 15240 5802 7954 8698 334 5917 9058 9024 11852 4998 10663 3037 8620 10047 15743 6359 14936 12116 7311 8812 2835 13395 1962 11958 3948 8389 15994 8923 3472 8726 5631 6315 11054 2783 7276 1870 8424 12010 4379 2234 14352 11216 2743 15095 8076 11694 5332 2398 10146 2859 10720 2541 8879 9526 2355 7230 4280 1128 10349 7172 425 14402 13403 533 15453 2236 2821 801 14574 12312 2805 11686 8771 13272 4804 6649 7064 9133 10081 3791 2334 9023 13792 11475 15782 10722 2733 6756 12948 14086 13364 3067 9650 12654 2981 7716 13166 6275 14418 643 892 6655 5803 9018 14872 14308 14866 10608 7199 1453 3732 1052 6714 8077 15625 8471 12407 2858 12805 5476 10021 7904 1031 10392 13840 6780 15316 11102 15288 14513 5473 7881 9039 9406 9811 12850 11099 3848 7498 3477 11606 5585 3552 2075 5101 14109 8965 5322 9706 14526 14990 867 10134 13250 14910 668 4974 3147 5651 7670 235 12549 10295 3465 10929 4132 1073 5912 12989 4694 12274 11768 8772 357 6457 4894 7282 6184 5344 7308 5733 5020 6262 1862 10425 9993 15584 6529 13902 4252 6268 15636 6326 9759 11524 2514 10600 10959 5533 3927 6126 10727 7491 3502
Route 13: 11040 10694 12219 3375 13236 14397 4237 15243 6052 520 11833 6643 13111 6970 2646 14914 7669 10138 7603 7035 3641 15923 10701 13518 4560 7625 6587 6694 11205 9147 5995 10079 14107 9705 5976 6248 2447 11287 9467 11003 12971 1978 6187 15966 6862 3709 7228 3845 14460 8518 8747 6578 14927 13807 13126 7600 13606 7143 4683 3579 7851 12347 438 7797 4636 239 13931 14688 5693 5614 11285 8302 1565 12503 13730 8590 12114 340 12271 4808 13608 15781 653 12136 838 6486 13037 4585 12693 5234 5404 9512 15121 14392 15778 1645 6666 1495 12540 572 429 12077 8059 15866 15848 2865 4487 11433 14015 3980 2472 13009 8395 15439 2102 8777 2096 2029 3337 8130 3811 4880 5333 5800 14492 11695 11348 15600 14771 14123 1683 3889 10011 3725 1992 1717 5739 10686 6759 9835 15819 11387 9409 4522 10785 12350 10324 15884 3186 15165 13085 6207 10399 14312 11061 9209 13433 6091 12715 302 12553 637 7096 13012 10043 8131 5228 5314 12017 8844 9220 15841 5216 1180 13787 9827 2346 3318 3852 6803 6663 12674 9634 6781 8677 2511 7020 14105 7786 1933 9008 10476 15480 6764 8906 7709 9791 12152 10246 13298 13160 8183 3417 11008 6032 7146 12303 10924 5239 10366 14899 4130 4227 13294 15000 15266 14783 12059 15907 3702 15856 11576 11215 5989 4830 13 5448 9978 5595 11527 8199 7469 9610 1213 8470 2970 11499 5783 13538 11623 9484 7665 7772 3909 9672 13073 772 4382 15801 6837 14981 15914 4612 9398 7203 10274 10777 4679 3654 4611 4258 1017 3987 271 11188 9057 2147 10039 8197 5880 8996 7925 223 12192 11338 10289 13799 6189 8281 4703 15706 7001 8783 4080 7528 5667 732 14300 9418 12679 1117 6311 3086 11119 4053 8149 5854 9330 12476 14510 12222 322 1975 2073 673 6627 401 7395 14848 988 5650 15730 12395 1586 11969 8901 2377 1306 11346 12621 2076 9466 7450 8641 10709 13591 12458 6271 9099 3421 12027 7427 3302 10376 4410 6287 6358 3257 7980 1674 13428 6772 14974 2007 545 11024 1046 15151 15570 6784 14069 8729 13192 2169 4678 9200 5312 12435 15864 2303 10415 11064 8793 10882 3870 8866 10483 7249 5695 26 1188 1730 7018 6639 13493 8418 11862 3550 8798 706 6407 819 2852 11705 3994 14976 9701 15110 187 918 5846 10467 3198 8531 5701 11712 13417 12991 11256 5707 6286 2834 12639 1787 14644 1677 14946 11482 15074 2996 4020 10234 13683 4903 3415 7073 8535 10232 10382 2831 7824 11993 10865 9782 4343 5506 8323 5669 6576 8167 4023 5457 1379 1650 10336 10942 7416 5909 14575 12080 2485 7472 9730 7259 809 5866 4892 1218 10797 10147 15771 13465 1042 11696 4493 7621 2794 2997 10734 1353 7476 2023 5363 15645 1625 5816 5986 9903 2572 419 3514 1102 8057 1145 15889 989 8290 9878 7214 10188 12285 5608 10526 11916 11780 14543 6883 10604 11647 3703 10150 14832 9098 7165 10236 4596 13630 11774 11525 8123 2958 9789 12145 347 8044 2944 14763 3458 1892 2325 1901 12443 10083 2378 2197 3924 7692 792 13338 5409 14988 14098 12871 8325 6691 5311 1125 6574 2679 12650 11896 3691 8599 3562 15535 1383 7930 6292 10363 14430 1789 10365 1208 931 6760 10494 11748 7664 8952 6872 2268 11985 14997 2369 14907 5272 13118 3430 53 9373 8591 2244 6559 6446 13409 8276 9345 3331 4371 1255 6695 10411 1191 13844 994 15777 15268 9986 13026 4002 9785 15857 9211 2464 1729 9465 9758 1003 7826 10748 15821 9662 13605 4360 7555 12542 10177 15773 5200 6634 2192 2207 3391 14617 11455 7775 12165 13356 15214 4722 2588 3218 14381 7529 8196 12761 8536 4064 13467 14507 12607 15278 15001 3733 1529 5868 9045 9696 2685 6086 13949 5034 7628 6865 15623 1804 3193 8462 6992 13721 3141 4189 13926 3720 12687 11296 4496 14453 11149 11552 13358 14999 7471 8476 15614 14198 9256 1624 3011 526 6477 8006 10957 10762 2994 9991 13760 9630 8193 6888 467 13527 15472 10866 2020 3265 11083 4813 4669 10386 12764 10713 8355 11859 3372 13824 11170 8298 14441 9506 13602 7942 3426 884 468 1203 13723 12471 4716 5151 13574 6151 7 823 8194 5329 7254 11088 5532 4024 3152 8414 5777 9859 6069 6057 7591 11597 2813 7151 15146 6061 8433 645 11523 11854 14284 2259 6115 1907 11683 12334 5589 10820 9197 11947 4275 12121 6573 12747 10779 6088 4440 2976 3217 11860 8559 4256 13495 684 12400 12763 1471 2978 3475 15003 7106 160 6030 9527 14452 4568 8287 10603 2789 5586 7414 6214 2847 7365 11048 15694 12149 7158 9861 9656 6239 15524 12248 11020 11193 8431 14863 8230 3867 14950 11593 6300 13119 1764 10204 4293 669 1902 1592 1422 5871 6225 81 2901 5198 69 10430 6533 1785 1694 8252 4466 10854 13178 8795 2468 4336 8063 8365 11023 2336 9359 4676 4243 10885 5907 6558 6309 1803 3711 2731 10307 3423 3269 15299 13791 10164 1958 288 2175 8780 9361 14775 7565 7453 717 2832 1519 13092 3772 2138 1891 935 9390 9136 11707 13937 15997 12656 9798 2899 12997 12459 14637 1296 13062 14323 15634 8070 11175 4618 14374 1797 8732 872 943 13718 8875 12956 8236 10046 10339 7358 839 8054 14060 4468 15105 9781 11390 5879 8696 5516 8096 8628 7727 11439 4119 7898 609 7771 3913 8295 3875 8321 8990 2804 10262 9857 14121 2707 13873 1393 454 14703 9299 1959 4047 2815 2183 1621 2279 13193 4784 6028 14568 376 1275 9232 14736 9056 2536 9135 30 646 13954 8642 13621 1991 2920 7944 5788 8274 8466 1911 15647 11429 8967 6426 2436 5941 196 10795 11094 11792 15426 15265 5114 11045 14732 7758 8245 9579 12942 8189 5878 9729 1864 10482 2208 4730 1596 12469 1019 8586 10815 1336 13464 14735 11408 7449 4396 13514 13647 6824 11002 1943 10054 1373 7170 11514 15407 893 11486 2216 14725 8379 8578 13923 8221 2545 3638 10130 10755 15397 10760 1339 5384 130 5744 2488 13383 11292 4737 13582 4593 5320 7655 5629 12896 4526 15992 12082 4905 8114 12279 12602 3322 4441 3678 12984 1656 7057 13998 7283 3489 7827 13773 7774 8018 14847 7965 6183 68 5748 13432 2972 2212 600 1291 12233 14137 6615 10731 11385 6741 4956 5224 2803 5181 9804 13943 15543 8137 2025 6664 1324 9464 14571 7217 9938 2587 2784 11983 1932 8959 12748 15650 15823 4407 7397 8604 6813 1502 560 4448 1689 776 6404 8552 5704 7344 670 9445 7964 5442 3410 11087 15620 830 3215 11501 11335 6291 8029 2032 11415 13385 13226 3729 8632 2004 3589 6143 13069 8391 5174 238 14118 15807 11436 6087 790 7695 13906 7087 14919 4531 15477 14779 9448 2628 1153 7429 3953 10555 1852 10466 9753 27 2928 966 15681 710 8995 388 12205 4491 6720 10368 13763 3042 9856 8399 15756 8083 11708 13337 5310 6492 4987 12671 7514 7374 6154 12486 12079 14647 531 7298 1048 5993 7074 9430 6653 5084 15930 10894 7513 5479 1819 4145 11178 8071 5115 13486 2040 12780 3747 8266 6295 2276 1533 11163 7968 10922 700 13870 5015 4068 10771 12538 5100 7160
Route 14: 215 3493 6511 13373 2059 3054 15665 15340 14766 12499 11270 4030 14730 3038 1931 72 5630 15273 1508 10137 6128 10559 8572 5618 3740 3785 7662 7481 4704 13049 15892 10843 10210 3 13004 2807 13614 3783 3074 9894 15977 5073 10012 6137 12369 4001 8701 7869 4324 5768 15290 15292 10507 8978 14230 11786 12200 5277 8240 2286 13461 8347 6351 14385 11812 11644 492 4265 9633 1629 9492 12728 3394 1462 7121 10774 15917 1614 3940 4530 10089 10775 1605 13468 14830 13179 14514 120 13939 13951 7860 8562 7936 444 7820 10536 14512 2469 11956 10862 3071 784 7245 10023 11807 8397 15279 5637 8465 1944 2116 15148 8676 13867 3696 3621 1374 5967 10283 4311 12063 4688 6045 2039 7390 2603 6553 13871 13520 2074 8873 14699 9643 12298 1750 447 9933 1551 3681 2966 1498 499 664 11594 8991 6902 12272 198 4893 2696 4175 724 14400 5081 4446 11422 11046 9458 4718 11800 1497 3620 10395 8585 13588 11476 7627 13457 5246 5263 9596 11612 5048 1564 11125 5563 1166 14259 5731 7367 12795 1147 5612 979 15175 13116 3954 7760 13065 6507 13994 5747 8013 12099 4819 13952 11129 981 10067 7036 11394 1908 8009 6908 5182 13750 5895 10747 2607 2986 3207 13230 7323 10124 14194 12578 4533 11231 13313 14468 1664 2668 1302 9838 3622 13632 13168 15023 13535 11217 6969 8408 3139 15935 428 3892 858 12527 13131 2224 5351 6320 6927 14236 8603 15107 7907 12198 12477 4562 6769 12497 1170 6535 13697 5711 13295 6641 4913 13953 12518 9139 12952 8505 1830 2995 12973 5348 445 5873 7009 10464 15775 10292 11103 1890 2764 4691 782 4765 9027 15334 6857 15932 993 7175 12571 5408 5662 4755 7951 12178 13561 13552 14350 1055 2275 14269 15641 2362 2297 13211 11107 12967 12640 5427 5284 2414 11474 6919 14367 11991 12485 9081 11905 5391 12711 3776 8439 14125 12642 10453 4292 1585 5264 13483 210 6605 5293 4685 11494 4147 4776 8495 3289 5236 94 11945 11688 12255 2534 6469 13082 10601 15093 14215 10848 4919 9700 13843 2002 14055 15166 11152 8497 834 2285 13360 13067 8803 13247 5113 2491 8489 15226 3329 10790 473 15825 13880 9598 8753 9504 5825 508 5796 4172 13755 10001 9840 997 4160 6031 7582 7015 8310 4412 15915 5640 15554 7836 4156 6884 6429 4304 14087 7855 10187 14383 1366 12786 15571 15630 7255 12353 2091 912 7791 1535 6717 3565 11244 14625 11699 2822 6989 15838 9688 15017 14973 4178 12635 7861 1860 15354 12676 7677 11832 11308 166 1227 1662 7519 14978 5354 2379 6113 5509 11802 14979 11536 11650 7733 6964 7219 9699 1014 10502 7778 3490 10171 8297 10115 2893 936 4839 3407 4978 1587 2486 3890 13600 14358 13029 7805 270 12998 14444 12015 9676 9737 9685 5607 2620 14341 6661 304 12852 10172 13303 5752 2477 15871 2867 4600 10597 611 4461 8940 1173 8592 1480 10752 11326 1632 14322 8672 10155 15484 5988 10697 4833 11981 13413 15504 3263 13351 731 1254 7069 3901 12870 1448 5231 2583 11376 2281 15377 3884 5697 3759 6094 924 2107 15361 1815 2844 11516 8469 5238 7226 6849 2253 15169 7974 7065 1065 7967 15115 1100 7490 5763 7682 14070 5278 7402 13102 3645 10162 9787 3361 5452 5226 7601 14265 10298 9670 240 400 5152 5627 7602 9541 2608 3467 200 757 3960 8827 15488 10374 2814 14102 10152 15097 1725 6935 6332 13399 6973 14875 6026 3809 15050 10806 13330 2806 9077 6211 7314 13267 13133 12912 9815 4967 12185 2777 2064 10127 4620 7764 14672 11451 758 2127 7574 1 4143 3101 7187 1811 10936 116 11373 15943 8473 8814 8694 13649 5624 4270 14517 13304 4203 8324 6277 3412 14697 6871 9987 2819 10685 4601 3455 9595 11734 9756 11329 9157 3906 1067 12735 1491 7209 3015 10662 2702 7831 13895 4551 11605 7340 5262 6055 13448 7237 2326 14665 5030 1670 1494 12854 15879 2891 7062 11230 9110 3860 9507 14199 14874 13714 2864 7761 155 2689 5565 3013 6541 8032 7788 10506 2382 8785 6909 8739 11911 6546 8254 5853 9387 8403 6886 4260 6453 4529 12986 3738 1957 14700 11727 15569 2341 13864 1589 1818 5746 4731 10904 10048 11276 2037 14762 15337 6693 10739 3817 13675 5266 12563 4843 5543 12729 3600 14220 2310 7299 14906 1808 4029 12387 13633 14840 10633 11500 11733 7320 1784 208 13394 7987 13440 14059 9691 4454 4689 13992 7504 4758 412 12376 9587 15231 1382 10915 370 7103 13199 3842 2725 3463 6116 11808 14334 14945 12836 12135 12940 5953 1557 1509 172 1661 639 13555 15741 8117 6232 5705 15765 8420 14622 8108 12706 4375 3031 15189 2080 8936 7046 5847 7008 5998 2652 13499 9646 3158 2225 12067 8646 4213 8139 3022 377 3854 2290 13186 961 9032 13568 3549 14615 10316 2242 3445 13290 8692 13868 14228 1230 3076 7339 7815 10413 5863 10463 4183 7924 4198 12206 2516 914 2592 7990 11827 6465 8429 8477 4750 4212 14171 11222 1623 7364 3114 12601 10178 4582 2915 2356 12068 13114 7303 15194 3487 3183 4128 6439 850 14450 7185 2566 624 1684 13412 10674 8720 2327 10304 5300 5867 515 15837 8553 397 14409 4847 8309 3829 6047 77 3726 12330 2615 8430 3446 9786 8915 10824 13837 4346 8897 4206 3755 14354 14938 15475 171 15812 11448 4909 3771 9411 4789 12259 13281 8338 12404 9357 655 9317 6583 3813 12546 11692 9012 10454 10589 5716 11787 6185 14078 6106 8520 1309 12331 10166 6630 13655 1183 2987 9266 6095 11406 13944 616 7539 4334 8479 4649 11923 2849 13147 14534 4372 14196 10807 13530 15080 13786 9697 7247 10331 1356 9346 13853 7421 10947 2959 3925 10654 8242 3405 14765 10529 9792 10116 8904 8685 11872 3724 15617 11629 13941 7580 3853 5617 1672 8442 10379 13724 3793 506 6007 15197 8718 11902 12957 1420 2198 7354 11441 2131 915 10026 15590 14101 7197 6441 13884 12070 9923 2521 15090 10891 11941 11714 11199 11908 3750 7656 11656 1079 8243 9774 11295 7517 9017 209 9002 5232 5914 10940 13328 5994 7413 4982 12700 1466 1507 9629 14335 6577 14168 5931 10867 13447 14756 10719 2498 3764 7420 8417 13851 2300 11546 6180 7050 5639 7451 13891 8939 15063 8366 14165 7533 8267 5021 11165 5936 8905 10135 1280 1793 4921 3087 2287 4641 13646 9404 4231 441 11375 9358 12516 5362 14021 1530 8841 3338 4462 3513 3376 5970 4071 12225 8251 6750 3933 12633 2925 3737 11837 13477 7667 199 1702 2128 8994 5916 8217 9014 10326 14607 8278 14281 1618 9070 4549 5219 10710 7554 6724 5058 8025 9253 4481 3660 13317 15522 1522 13668 15363 9631 4538 3929 12418 1195 13208 3409 3774 11078 1041 12362 15851 13500 618 1259 15750 15644 15990 2036 2322 7626 15262 15254 10802 7163 11759 12917 3607 2151 10557 7751 2006 7524 13850 15575 6596 13159 13885 15895 6051 10280 8412 5053 2444 7782 10655 3441 3714 5295 13068 8705 5451 2704 4899 4616 8860 6391 1701 3049 15317 8381 15826 9301 14276 13814 1477 2052 391 12004 10421 11050 8826 8776 10716 4904 10711 4994
Route 15: 9736 2321 15652 329 4429 2429 2779 4406 364 2558 7139 7530 13841 14518 8510 9489 7652 3668 11284 7796 14926 6526 5539 8738 9754 383 9041 8088 3593 11252 12211 7269 8549 12824 9887 7668 15667 615 354 243 11485 1971 15062 7654 11160 13705 15126 11478 4266 10499 826 15347 12385 1026 6848 730 10373 7852 3163 3097 15890 10890 12929 12024 4859 6938 1990 10965 6990 5381 13476 4325 1126 12050 9499 6665 216 13578 11233 11172 13308 10544 12025 6906 13979 9708 7992 12995 8749 5712 8441 8270 12537 7789 11715 13823 4290 1039 10074 13180 15487 5826 13706 2368 7486 14186 7840 602 968 14886 6249 11487 2953 4242 5812 9796 305 3182 6788 4219 10443 4395 2026 11682 8964 2476 7191 745 1334 1584 12951 12691 9584 13877 15359 10605 6761 13177 948 15742 14885 570 8008 7790 7406 4769 5623 15196 11176 3030 4055 2843 12351 14179 7166 4208 9386 1706 13747 13532 11997 5997 6993 9899 4866 9419 11397 15604 4820 5282 15117 13306 15319 8741 6343 12250 13300 5394 7973 537 13452 6193 14600 14767 9456 10007 12492 9621 11704 15675 13353 11530 6103 5373 9335 7548 8624 4303 3609 11013 8576 9989 9619 8611 11681 474 14585 3627 12704 6093 15500 15957 15006 7016 1253 113 7334 6353 9534 12 12865 4363 5937 833 9760 11211 2860 8900 10897 12883 10740 4931 2449 8587 12793 12414 12106 13587 5757 5751 10447 12680 9520 1176 5696 15682 7895 2313 15808 8344 2551 14288 9872 822 3624 10621 2596 12324 11928 12163 11241 15612 12856 12123 501 2746 3532 15200 11565 15887 1427 5973 3177 13846 6899 7872 12432 14419 8579 7343 9207 10153 6130 15731 2895 9921 11030 4042 8416 14553 5842 7928 2416 8352 9231 4791 4900 13381 6647 5983 13852 2046 2578 15579 15376 7688 11145 9144 11253 8138 11850 12144 2045 1424 4858 385 1922 6328 10190 9891 7636 5561 11509 2712 6255 7905 2019 2642 4005 6932 4682 9511 10562 6450 8198 12990 4739 11614 4361 11739 8079 2780 5849 12207 1054 6879 5552 8703 6435 12669 2188 3869 10194 13904 11027 60 9290 5104 6097 3902 9795 13453 2304 10133 15075 10128 5056 4032 9569 14289 8099 1774 4011 5415 9862 15946 10935 3945 7161 2586 8224 2796 9469 14154 4310 10414 3223 10306 9684 3168 5358 14888 4162 12557 1970 2008 12603 4756 10294 14406 11502 4888 13472 5371 9973 10741 11393 7265 3156 5379 3128 2349 11998 5709 12734 6085 5641 2638 2164 3084 8359 6365 4855 7258 12348 6983 6179 7084 12590 217 1965 1129 15563 8977 2219 8060 11114 15395 4829 5183 14532 14114 15318 15521 5725 1007 5327 9183 13699 1367 3803 6162 169 5590 4424 12365 4738 11766 12100 3078 5025 10796 15366 5616 14808 8557 7077 4602 1431 11940 12349 9967 15739 15131 4019 2063 7825 14668 1010 4153 6122 5822 3144 15953 6274 1161 5288 6412 15442 15016 4773 10921 9137 2955 13522 5054 9472 1283 4297 3292 4354 9752 7372 15557 5835 740 6010 10533 2934 10078 14297 10769 8806 2537 10729 714 13429 5714 14048 11497 10275 5767 1734 14693 3716 11751 8647 13508 1413 1718 10650 13219 10987 5553 11063 9065 11855 14496 3812 392 11404 15307 3893 1610 13185 1160 5597 6312 497 15047 494 15132 3501 932 3354 530 9500 8241 10341 1523 9900 9428 5663 8818 7534 1109 2520 14551 4004 10099 4158 10708 22 13341 6907 3625 12032 8206 6172 15332 7731 15495 2140 10728 5250 15774 15520 2101 7470 4614 14314 2419 897 10612 406 12057 4104 1134 3904 7136 197 5002 2453 3744 6898 7999 3701 4357 10029 9426 5163 8839 2501 15737 6811 6701 13491 10239 3939 9739 6548 9107 343 4621 9906 2010 9080 657 15651 2156 4971 1698 131 5321 5813 6796 13779 1342 106 11515 3136 5317 10144 2263 11053 14588 9343 5377 8021 5244 12280 10061 15450 4666 6381 8895 13652 14376 5285 3564 14677 15797 3658 4339 12612 4103 3281 15960 14489 15818 5897 2227 12408 9929 12371 2361 6612 8758 9121 15635 15474 4010 13079 5758 10744 2409 3518 109 4540 952 9260 6150 13418 7227 9769 2028 958 5929 5489 12051 11490 12329 13235 337 854 4715 4464 8896 10567 13008 45 13751 12835 7801 7818 2747 3035 14338 12919 2405 7991 10707 6006 12596 4315 14734 6438 14925 13924 12880 5497 6593 4576 10955 12179 5055 12150 10995 7811 14027 10429 1929 9931 8288 1687 3190 6846 12932 10599 13817 4409 13641 4567 11293 3122 15360 7581 14657 6632 8988 1084 4668 13734 13083 15643 3796 10700 15464 9535 10175 1996 10868 1635 2770 356 3989 4098 13158 11676 9713 13203 8165 2165 3777 3619 14416 13890 11479 5107 7239 4512 8950 13128 8144 420 4205 8348 13598 6056 10503 7033 9075 14594 5841 12625 1187 9353 387 146 14852 10431 8760 11131 14515 4063 13892 11702 5380 10183 7277 9149 14857 6636 3033 1245 15274 11995 276 4184 11001 11011 9679 3855 8468 13268 4968 6455 4494 6230 12146 13838 15865 1279 8135 2438 3749 6734 10838 6722 54 6501 8404 14504 2765 11592 14085 7246 14550 2956 7712 6331 15314 3634 6640 5729 1721 7507 10816 9217 785 5370 5959 11015 10702 10515 873 15145 14296 15736 7866 7327 5472 8238 3373 14928 1761 6296 5248 6273 4818 6982 13143 4723 4629 11957 1137 13687 7446 14031 12195 13796 7102 13575 15512 3674 14292 1580 427 15416 5798 134 13604 7063 1304 15051 3836 6763 15368 4453 14547 4883 1044 3830 14479 7557 2568 15071 7382 432 15330 11919 6819 11790 15999 13086 10978 3308 7257 1445 8248 12158 1844 3227 13925 9865 12315 14408 11959 10293 12481 13777 4122 8613 2043 3303 7703 6021 12445 7505 7512 4696 8876 1599 10189 9519 8146 1273 15814 2094 8704 15609 8664 12273 12866 8504 14641 228 9462 8937 3611 2277 7024 12658 6460 8478 338 13121 12613 667 12326 9988 9143 14859 3205 4639 11628 4445 14421 6063 8494 9249 1903 9180 14949 2643 2754 9250 15711 2203 11363 13038 3438 10641 12161 690 1602 11936 11658 15956 14355 6878 7830 8296 50 4476 5819 6910 11333 2879 9936 11403 14577 292 1802 203 11245 12382 15382 10060 7932 6864 11814 1450 8962 15364 3742 12514 2496 3385 12391 9788 10780 15809 9544 597 8214 8092 3216 13927 15190 2690 10344 10962 8883 152 7331 14451 12727 7078 12257 3170 12529 5876 472 8715 9603 5035 13809 5599 10696 5935 15086 14126 11747 2058 8963 14372 4215 3775 15113 57 12364 3046 15346 9508 7586 11417 10705 794 2255 12151 2591 1142 2691 8151 5241 9062 3557 5984 12543 10682 8892 567 7286 3639 9378 5773 272 11794 13507 14478 9382 11144 11337 12794 14931 7398 7901 11883 10573 5577 10006 9761 5659 13991 14589 9542 3628 4643 236 7637 11317 13096 8700 6020 14721 7686 11978 10834 8521 546 4428 2918 14139 15616 9318 8595 13503 2911 5428 6642 9115 7178 2144 12416 3671 15282 11467 5242 6240 12147 7369 10176 12572 5981 15962 13660 14791 15679 3984 2307 13378 78 6547 753 7347 2535 4575 4960 11874 2917 8714 14115 837 15499 1075 477 8334 12754 4541
Route 16: 8041 15587 3649 3973 4177 14210 7029 8152 5406 9917 3748 15631 2386 10980 8503 14108 9084 6485 14908 5754 1335 12733 6746 917 3353 15968 1257 1121 10410 4294 2637 4521 6800 4330 12580 13679 12078 13783 6354 12295 14722 10142 15976 11281 1443 812 14365 6314 8502 13105 15813 2016 9851 14384 13238 11726 15325 11169 3325 13858 14038 1616 8819 996 14378 8311 12709 3313 2507 3507 14268 3359 1325 14333 14349 13036 853 7093 1330 12047 15055 9580 252 13510 8492 1223 3799 6076 7092 3459 6875 13246 9228 9945 2968 4040 10037 11109 29 4935 2460 5330 14089 12388 6705 1634 350 7899 927 14182 12495 13274 13628 4764 11247 2260 11148 4078 3644 1186 3849 5797 6739 12451 333 8485 7232 7715 13932 9441 7054 1681 12159 10145 13362 5405 13759 13132 3332 4761 6706 10898 4889 9046 15970 10300 11943 5092 6789 8026 9979 11213 7190 10369 12177 2408 15102 14764 5568 3346 1955 7275 4860 15820 6594 4431 2305 5604 6049 817 14329 192 7082 15549 9372 15518 9303 795 6589 2949 1795 10131 9910 7921 8787 14602 648 12210 15293 4811 10876 14904 4389 840 3397 2894 7642 1439 15562 2710 9171 13911 848 1742 764 15494 723 1375 4783 14636 6905 10439 1880 5066 3503 12055 13907 9329 12139 636 11539 12191 12323 10149 718 15940 5926 6562 7260 3648 12208 9243 13406 13375 6173 12305 10813 711 13940 13006 13795 15263 7752 8625 11810 6190 12141 3418 9298 14559 12479 14731 8797 2417 10918 12962 2237 6247 783 6564 127 6155 1394 9812 8314 11055 15223 6851 3676 14948 7876 1947 2916 9601 6 14036 6405 5573 2233 10625 13738 11228 3454 12746 1696 9401 13316 14448 5943 1376 12753 7319 15088 14527 9054 10416 12246 2049 4179 2231 14193 11977 4006 1708 752 8542 1270 1649 5196 12670 7503 6856 8350 8563 4430 14958 10233 523 1601 15692 5676 3328 10357 2939 2374 926 7575 6226 3923 14497 3938 4953 7781 3387 5307 13323 5900 5625 14211 15658 3636 5453 7475 13722 10255 8752 9015 13213 8275 4449 2913 5793 789 13490 12091 2159 11553 13827 4523 12666 8498 5991 4910 5501 15537 8050 10669 12431 9870 8706 8066 765 1747 4097 954 1085 2360 6243 14169 13665 3406 11520 9593 8326 1841 1131 3585 5574 14614 2762 1980 14749 4253 1923 12183 13014 3531 1262 9478 9628 8731 12439 2411 7448 14081 15872 10581 2431 6285 15308 1416 455 4835 3656 6711 6527 1258 6681 12058 1831 2271 13883 12961 12005 14573 15112 12363 11848 9540 5930 6352 10050 15373 13933 11881 1697 6809 9556 4420 8561 3244 9642 13833 1340 14316 15130 15712 6876 1243 906 5206 8919 13051 11888 1583 15704 12074 5723 15840 6264 8125 3896 9407 9604 13153 13640 9852 2584 3001 1421 173 2103 11789 15298 13767 4879 9323 2530 5478 9918 921 7305 15147 12110 13400 3442 12252 11630 11356 11223 4296 1441 8027 15985 15309 6133 8657 14382 2223 14787 5134 7966 15816 8239 4399 10216 8750 9074 7218 13076 14502 13996 3348 10377 5934 10689 15804 6557 12125 3495 10956 1412 3958 2120 7744 13560 10584 2493 10238 2933 13263 4157 5738 11018 15764 8450 10969 3640 10990 15696 1647 13893 3103 3066 1835 9521 3102 2258 12914 6220 4673 15541 10446 1848 5919 7510 11254 8751 9126 5357 15212 4604 10319 9479 15846 21 11685 12594 8569 6261 8917 6698 1913 7749 13501 8306 10842 6436 4792 9776 1139 15073 5884 9238 6995 2548 12622 5951 585 12308 3383 4234 8759 32 150 14965 1736 15528 2662 8851 12230 3581 11870 2580 15603 3977 3436 3371 14557 10389 9129 9561 13857 6219 15735 5412 7356 489 7122 13142 2012 10435 12510 13554 7380 6942 15043 13815 13980 4725 5119 14580 788 2577 14523 15673 14256 1896 10550 15627 7509 3004 647 11711 14051 2749 15339 5477 5600 7567 8792 1034 13704 4854 10109 12322 10756 11396 502 2701 11371 3773 15356 3079 14170 2390 4327 5026 414 561 1964 1920 13539 14810 13794 13170 2687 4090 15261 12478 6482 14116 14311 353 8980 8867 9522 12937 4964 3998 7633 9740 6958 14348 4504 10571 10863 12955 450 4846 7256 8075 15291 9420 13167 13161 13958 4630 2756 15699 11917 522 12019 14861 7645 12713 11384 3523 11206 14200 6307 6812 2125 2364 10055 3602 2752 1076 9050 13348 15247 10110 12624 524 11767 3180 3612 10624 7034 7879 4923 10193 12988 15503 2871 8373 491 2205 4101 12041 3818 6887 7706 6176 14864 8773 6731 6512 13935 13223 4580 10606 4173 9427 3433 3694 14476 13391 10245 10622 7025 1123 11687 14579 5982 11257 12661 12187 9876 3586 3229 9241 8024 8156 8358 15438 6600 4065 14370 6503 552 7111 2146 10925 3070 15929 262 11752 4331 7399 5153 12825 14076 7610 2413 9999 6494 8128 10450 14856 14426 13975 6298 15011 1417 1319 316 3363 12686 3381 3807 1976 11835 12162 6425 10808 7971 5006 7201 13650 12985 4537 261 942 866 5955 6597 8232 168 5601 13832 8614 15170 436 15709 4577 8524 7646 15238 1337 2293 15843 6751 10397 12232 2983 4268 6581 6066 14223 627 4135 14682 9711 13770 10792 4000 14805 7838 1286 8539 218 9985 5184 3604 149 3174 9123 318 15552 11740 12765 8702 15982 1483 11085 1341 15270 7270 12893 5913 5149 1435 14181 2892 518 863 2117 11820 7615 15225 416 11603 11022 280 6400 15637 5546 12307 10221 2951 3299 12588 845 5050 3538 8709 3778 1512 13331 6012 15034 11557 8847 10105 9252 15578 13715 11250 9272 14971 12943 7518 10106 10812 7988 11260 3474 9762 12289 7307 6590 3846 10034 4724 14678 9248 15302 11185 512 11062 2098 4543 10136 3483 5999 14646 9066 15489 14252 14097 6197 9167 315 4559 3978 13547 8911 8861 2316 1660 8472 7288 738 1036 2100 13860 9222 7961 3108 1118 7431 10611 3675 10638 8448 2317 12199 13175 324 6673 9049 13828 13015 3731 10781 5440 6735 2912 12812 5280 12452 11528 957 13269 14869 6955 14953 6502 3918 372 14921 2630 3569 15239 3566 7325 11920 12089 2517 14533 11383 12154 6306 10637 3950 9549 475 10917 8220 3575 2753 6102 10455 8109 1043 12577 10516 14738 4951 7392 2781 5217 2161 6715 6443 121 8002 9809 10623 4224 13155 7391 11510 13154 13888 2179 6498 3871 12804 3422 7494 3377 2954 2698 9114 55 13224 2388 10908 11012 1594 13125 8808 4329 4778 2463 7893 7736 10257 2929 13368 5530 5383 11757 7937 1813 12455 13292 10052 8292 2861 9981 404 10547 13202 14909 8394 11137 8609 10704 10323 14495 9007 14030 6710 13742 5898 9246 10200 1539 10937 12314 9939 5643 6205 11965 12030 7520 1192 6123 3570 12845 11339 9808 10303 7157 9083 10090 14629 13758 8899 5592 9170 14650 10420 3090 140 6931 6437 2106 12249 14283 5932 3224 9471 11634 1092 1045 1851 9033 9214 4786 14754 4127 3666 14156 9803 8319 14106 7045 6146 12562 8537 12262 2670 2342 2921 13354 14833 5205 1196 10668 7553 10671 8809 15300 11653 13162 4932 7719 9826 15437 6451 15306 13174 2657 5419 13441 13050 6951 13921 5734 3584 13182 12839 14261 9321 1386 12470
Cost: 87871.013
best cost: 87871.013
