[progress][seq] epoca=1 | epoche_rimanenti_prima_stop=500 | tempo_trascorso=14.6s | tempo_rimanente=285.4s | best_cost=99165.435
[progress][seq] epoca=2 | epoche_rimanenti_prima_stop=500 | tempo_trascorso=28.5s | tempo_rimanente=271.5s | best_cost=98377.428
[progress][seq] epoca=3 | epoche_rimanenti_prima_stop=500 | tempo_trascorso=42.6s | tempo_rimanente=257.4s | best_cost=97684.941
[progress][seq] epoca=4 | epoche_rimanenti_prima_stop=500 | tempo_trascorso=56.6s | tempo_rimanente=243.4s | best_cost=96381.252
[progress][seq] epoca=5 | epoche_rimanenti_prima_stop=500 | tempo_trascorso=70.6s | tempo_rimanente=229.4s | best_cost=94955.079
[progress][seq] epoca=6 | epoche_rimanenti_prima_stop=500 | tempo_trascorso=85.1s | tempo_rimanente=214.9s | best_cost=90578.335
[progress][seq] epoca=7 | epoche_rimanenti_prima_stop=500 | tempo_trascorso=99.5s | tempo_rimanente=200.5s | best_cost=90070.781
[progress][seq] epoca=8 | epoche_rimanenti_prima_stop=500 | tempo_trascorso=113.9s | tempo_rimanente=186.1s | best_cost=89251.113
[progress][seq] epoca=10 | epoche_rimanenti_prima_stop=498 | tempo_trascorso=142.9s | tempo_rimanente=157.1s | best_cost=89251.113
[progress][seq] epoca=20 | epoche_rimanenti_prima_stop=488 | tempo_trascorso=287.2s | tempo_rimanente=12.8s | best_cost=89251.113
[progress][seq] epoca=21 | epoche_rimanenti_prima_stop=487 | tempo_trascorso=301.6s | tempo_rimanente=0.0s | best_cost=89251.113
Route 1:
Route 2:
Route 3: 14781 12472 4959 7102 13575 3643 1723 3283 307 2017 10877 11913 11377 6880 3870 8866 4316 5789 13800 698 9119 9651 4043 9740 7465 6543 2942 9780 14149 9590 9732 12692 5678 4216 13973 12012 7407 9118 10083 2378 403 7174 13917 4066 1643 11535 1137 13687 2528 11761 10400 10569 13280 6299 1390 11703 12889 14298 9606 3572 9901 7889 14572 3600 12729 14220 5205 10195 8339 4093 8106 3701 7999 12205 12404 9357 8338 4780 11952 10477 15822 8711 162 10627 13498 9909 5506 4804 13272 8771 9542 3628 15414 7814 815 12502 9727 2500 3119 7757 11457 11522 743 11069 13191 10687 6161 7518 10419 8835 9344 3262 11283 3220 3087 4921 11928 4154 7468 15135 9302 1140 9106 3125 7056 11334 3143 5274 3807 3381 12686 14921 4014 12193 5022 4158 10099 521 9635 8575 12453 14411 9742 7487 15206 15978 11619 6957 2838 13612 4812 6694 6587 11205 4828 3597 5699 6328 10190 6369 13663 9047 6988 4989 12888 1759 11438 7352 12508 4027 10715 9326 118 12901 7918 3553 4151 14963 7348 1473 14121 2707 9857 13181 1220 13061 9281 11626 13293 4650 1251 1095 21 6244 6384 15283 6303 1731 2570 14612 6840 14274 1966 8131 10043 5314 5228 12131 8811 14759 9125 15776 11238 11592 2765 9276 1744 13342 4394 4709 3367 11191 7012 15824 11266 8179 2081 4508 10434 10278 12579 14390 13198 14797 4452 8605 11966 1276 4445 11628 230 5230 12495 13274 14687 10881 14180 6424 8181 10296 4184 11995 276 15341 1233 5812 4242 9796 2953 11893 10226 4362 8062 9831 5432 3460 1071 7133 1690 7140 12406 14691 5367 1833 424 5542 265 7309 13276 8957 1998 13109 14365 11003 9467 8065 5496 589 15945 3521 4697 3789 6038 9645 7091 14486 11871 14752 9858 9994 683 4322 2693 12730 7959 3996 11555 13705 11160 4683 3579 3254 5579 14565 10008 9061 6466 1204 5978 2291 8409 11648 2230 8732 14374 1797 11406 13944 908 1174 11139 15582 3130 8882 12897 12771 3247 12797 8234 3899 6294 10693 13681 14494 3520 7274 8520 12047 4789 12259 13281 15475 12141 6190 4439 14248 3573 10350 5802 3055 1074 15240 6713 5382 13233 4263 5192 9096 13257 6740 5017 10429 1929 9816 14581 10761 8363 15991 6108 10871 9574 1246 14066 6454 13546 11937 4634 8454 12393 11464 3826 15601 6254 15413 11346 1306 2377 13748 14319 9444
Route 4: 10846 11663 9384 1125 5311 6574 10905 15954 956 1232 15632 6496 2146 7111 3455 4601 10685 5016 8514 6411 6560 15320 6911 5892 14675 10349 1128 7172 8701 4001 7869 9881 1552 8424 12704 15500 6093 7987 13394 208 2175 288 1845 11081 4787 1898 14608 8216 6321 5821 9765 6504 3546 6933 1633 7047 3024 14525 1429 5636 12337 14282 2260 11247 11426 15757 1819 12042 15418 11580 4632 2858 15625 8471 12407 12805 583 15744 12718 1153 2628 9448 4942 4427 2649 8337 1297 7975 13462 11873 1210 14831 1086 8421 10269 6618 14362 9491 4928 8341 3468 3633 13148 15570 6784 14249 14733 12617 3105 868 901 15123 5088 1507 14404 209 9002 1671 7080 3351 11418 15183 4364 786 5593 281 13963 4340 7843 7233 8284 10556 11992 13813 4504 10863 10571 12264 2561 10659 12788 12128 4671 8178 8935 900 8168 5089 7195 4633 14304 7497 10140 2548 170 14895 1506 13305 10408 10407 11378 15380 9668 261 15571 7255 15630 1117 11119 3086 6311 6387 1470 6701 6811 15737 10688 14930 1691 9510 6525 5750 1627 2749 5111 14826 7897 384 3159 14686 976 3082 7779 3258 839 10046 8236 10339 7358 8696 5879 14532 5183 3721 6335 13104 12607 5348 445 8475 14442 15951 15944 7467 13452 6193 1988 13541 14933 6918 12846 10680 11479 456 1015 7450 8641 10709 9466 11748 7664 10494 7557 3561 2594 13627 11828 15719 14603 9714 2138 3772 1891 3594 11028 10646 7313 4088 3951 967 15478 5395 1408 207 12975 7775 11455 14617 12165 7399 2064 10127 15797 10617 3637 6572 4309 6285 6180 2300 11546 10497 10284 2142 1781 79 15908 6290 37 6111 4859 6938 9929 2227 5897 5281 2596 6023 2264 2589 7578 8754 159 8114 4905 224 5536 3142 13210 15602 5727 15850 13656 10746 10028 11466 15901 4058 14068 716 151 10479 9307 11316 2471 8660 12570 11680 11489 592 13056 4165 7147 1591 6159 4916 15686 12359 2750 8860 4616 6391 12243 10462 14721 12380 5193 7847 15469 7865 314 14566 3126 5610 14774 5954 15983 9968 2863 10333 4276 12299 2755 15975 14635 15827 15018 9071 13993 4733 1155 13664 1288 3481 9439 11336 15690 10225 7307 4029 7793 12717 11938 15909 10238 9977 12086 15315 14523 15673 6874 4898 10884 1553 15784 9946 11373 10098 165 10013 10849 3435 9001 12524 6006 10707 7991 2405 12919 2967 2614 8195 6993 5997 9899 12909 10320 11777 10941 1159 10308 14270 9965 2526 2180 12276 2574 3432 15717 11093 8481 15114 6782 12462 105 652 15084 2338 41 6251 1971 7654 15062 8279 5687 3781 9196 14500 8310 7015 4412 7040 6625 8042 2774 1374 15862 12438 12446 15753 2098 1952 4509 5098 7914 5202 5347 821 9174 4186 9085 8970 3673 12822 13769 15701 205 14850 5387 736 13598 8348 4012 13064 6669 9582 7280 10797 1218 4892 15272 4943 13710 3104 13713 11749 5875 9292 12179 5055 9324 12666 5587 8587 12793 12414 14784 2970 1213 8470 5783 11499 6962 3498 4831 13465 9643 14699 8873 1241 5179 15610 12317 15124 1206 11731 12703 168 9821 6698 2489 5571 5601 3608 8064 7635 13540 11633 7474 5289 10209 5352 13443 9158 10566 6736 11543 13639 4528 756 13190 3782 852 2900 11729 4196 10340 5175 5995 9147 11235 2562 4229 6925 1087 13449 14407 5389 12530 6135 9509 7434 2351 2165 14330 4622 2278 12202 15131 4019 4540 952 15269 12684 1468 2875 14042 3194 10447 5751 7200 7535 13815 544 4455 9054 10416 14527 9403 15911 12389 10672 13667 751 13978 15203 3712 14498 9616 6565 4852 5223 6639 7018 3237 9943 1875 4951 14738 4211 3080 12905 11856 3456 3588 9042 894 15001 15278 3733 10916 5199 14846 2088 6687 7841 15212 13356 15540 12482 12814 1113 11816 12009 7801 12835 13751 14859 3205 7524 15575 13850 15925 5197 1238 15993 3064 11090 12382 15382 10418 12587 9156 4086 5240 768 5356 15326 5578 2206 84 13270 14535 8335 11114 15395 8060 2219 8977 13834 12807 4788 5337 11465 11008 3417 8183 13160 13072 15378 8695 15401 13361 8763 9663 14094 12464 14034 13691 7503 13424 1169 15266 15000 13779 10233 5765 9009 13913 15710 15768 4557 8619 6408 2402 5690 279 15576 10861 535 13353 15675 11530 1517 1163 6363 13651 5336 1839 6897 6495 10712 4573 15637 1269 925 14713 12630 12999 13332 8961 13301 3310 8047 14737 10909 2555 13183 11503 5188 15125 10404 3154 1034 12236 513 1994 15040 3695 15312 13329 1385 640 4332 1445 8248 8847 10105 7479 8593 14557 10389 10383 6203 8767 9905 5461 11660 3604 14112 7870 2668 1664 1302 11639 5490 14286 1714 4932 6640 30 13243 12029 6600 15438 4065 9990 13646 9404 4231 441 11484 1582 5460 1320 1398 3124 14119 342 15974 8104 2273 11267 7236 2688 14956 7326 1905 8235 10230 2934 3291 9768 14986 3157 2616 3047 12682 4238 1663 6904 9131 10364 12237 15509 9514 13909 2706 1294 3323 1293 7234 6595 6253 11795 3678 10037 3324 11534 2653 13040 3402 1317 6467 10486 15031 6566 2366 10951 6915 9160 6129 6480 11180 2832 1180 5216 8652 913 9198 11154 5850 10342 12071 3647 13043 1229 6965 14753 14395 10334 10409 15384 3540 7447 7903 1051 12396 8157 1534 7010 15585 6994 13336 13787 4549 5219 3219 11282 12074 2202 9005 9516 13897 8039 9187 5910 8273 6775 9954 4656 15155 12282 15345 1972 3019 11035 11402 6860 15947 9169 6144 7017 12014 12982 5079 5969 4773 15442 15016 11768 11030 4042 2506 11086 7596 5971 10265 15140 11097 12549 10295 10929 235 3465 1107 1543 11328 5436 8907 8623 10168 6750 6130 10153 8871 5463 5785 10874 8213 11361 11424 1794 14638 11989 15648 11171 14232 2617 4106 7074 14073 8796 49 9044 11649 13171 8758 6612 15695 5069 10615 13106 2140 6781 9634 12674 15930 5084 12209 7118 7713 9907 9496 15810 12410 1504 10616 8617 7179 6679 13599 8831 5615 6516 1903 9249 13435 11819 6399 13078 4515 8037 13513 3537 10995 12150 38 2456 8354 15605 8908 4419 13255 4003 11301 907 4465 5760 719 3917 11569 1111 2801 8894 4745 5103 11869 14465 14159 2152 2610 5889 3932 8674 11646 259 2766 7588 11559 5057 13205 11427 3548 9879 7598 15733 15144 13878 12707 4532 11584 4564 5541 5622 103 12660 3231 2167 11713 13551 8655 1328 15082 11327 2747 2637 3933 6215 3535 4381 2856 5059 9040 2793 1061 15581 11735 15857 9211 2464 1729 15313 9488 10174 15070 2204 12011 4185 11204 11120 3388 8074 14696 3477 12126 6398 8574 5618 3740 8572 14670 1444 729 13918 14553 5842 2416 8352 7928 12114 5465 7623 7890 1089 14321 14204 3844 1775 748 14317 9800 6684 4361 11614 14189 10444 9007 10035 2667 1827 613 10390 3134 13355 13131 5351 2224 4698 628 12461 8293 9576 659 9064 4638 3816 367 14132 14077 9220 9952 161 10096 4376 13962 1549 2087 13826 9660 3233 3040 5330 2460 7071 12806 5741 15647 378 8558 7792 14816 15174 3672 13953 4913 12518 15126 11157 2544 15958 4639 9776 10838 13738 10625 6754 15077 4383 7536 5595 9978 5573 6405 810 13422 5942 15318 14114 7727
Route 5: 8041 13985 13421 8735 8881 4585 13037 5592 8899 4886 13597 8150 5417 2884 12176 1894 13372 8246 5654 12052 4228 10511 5787 964 9338 124 12910 4387 12790 971 6114 10472 2 10749 12646 13156 5609 3582 3111 10691 13808 2648 11593 6300 11295 6061 8433 645 9520 12680 8915 10824 304 12852 406 3000 2629 14993 10490 7590 1484 8721 10289 11338 223 12192 2531 5480 9258 3425 5957 10856 9094 15069 7941 3357 12379 5580 3041 14391 10181 5966 11706 1307 9611 498 7540 10818 3014 3698 14633 10062 8979 8855 12828 8849 11467 15282 8950 4512 7239 14731 12479 8797 11375 15550 3003 7687 2999 12867 1685 4092 3048 12033 7787 9900 15256 10656 158 8876 15200 11565 14673 15868 9810 1612 5698 2795 1969 12951 12691 8829 3240 8874 7794 9963 1449 4310 14912 9437 13038 1260 12533 1683 3889 4667 8629 4708 9159 5992 4166 6594 4431 9277 12787 14412 13289 5365 9771 12911 13132 6276 12547 13536 11261 12772 11332 7830 6878 1727 14147 14977 12778 15108 5491 6807 13971 11044 8257 14649 4611 4258 3654 1017 4679 11460 14587 14989 4152 15661 13645 970 6239 9656 12287 1793 1280 4171 5170 6001 8033 4125 8944 12463 14142 1120 7188 1915 2247 46 998 9247 11134 1292 15598 8582 15025 10049 4960 15799 15227 5076 15349 2157 1083 1713 10537 14475 9172 5836 5229 7813 15912 3260 9893 1807 13129 1907 10833 8081 4498 15242 10987 8263 11719 15914 3544 6646 13055 14875 6973 6026 10180 5005 9059 14761 15348 15760 6978 1335 4142 4997 6700 15861 11931 13899 9400 1545 7002 11847 10069 12569 11227 8927 601 4254 1234 10592 11914 3798 10553 13447 5976 6248 14107 2447 9705 11623 9484 9526 1271 10033 841 1678 8249 11710 6464 9718 14191 2740 12040 2312 13968 6947 5032 12874 7145 11610 15934 10191 14773 573 14426 7039 8496 11783 143 14355 15956 3903 10288 13444 15447 2076 12621 15998 14088 10016 6035 8870 13278 7127 6770 2947 6050 15510 11551 12921 2453 3270 13079 15558 8608 7734 339 12943 6403 1222 5160 13319 5283 6956 9557 534 10498 885 15149 3837 9257 251 1201 9575 4067 9333 167 5385 7425 7963 15193 1047 7607 5364 7105 4657 14935 2903 1760 13581 9515 5904 3833 14466 9936 14289 8099 5030 14665 2326 15645 5363 5816 2023 1625 5986 9903 2572 8924 2262 7476 1353 4264 1040 14708 6428 2071 11693 3274 10044 7977 3140 6416 4566 11258 4762 7371 3757 3542 1703 7006 5582 12589 9715 2992 6834 15246 13626 3196 9440 5525 1173 2384 11318 11752 13644 8486 920 3756 7803 3595 14342 6825 11598 163 10310 4346 13837 8897 10765 14647 12079 4755 9367 7279 8502 13105 12521 762 2164 2638 5833 12657 1141 12409 11784 12810 6537 11259 5390 4763 740 8359 3084 6194 3661 7317 5667 732 6450 10562 4422 580 2340 9446 6614 13631 5487 2251 9037 7412 2323 4 15046 777 9473 9316 7697 15094 15926 2910 4365 568 4799 6765 4645 5414 2442 9625 14370 13051 2788 5888 10484 6779 10218 5384 130 8845 5834 13901 7922 11745 3839 2089 10827 13984 2470 3617 6181 4056 15471 13586 2388 13224 772 15801 4382 2277 3079 15356 4203 13304 8637 5877 9674 15624 13965 10839 15231 7382 537 11983 10919 15525 10570 5466 4851 12904 8959 1932 13440 8853 137 11453 5452 7068 14798 1028 8219 10205 5257 1068 566 1093 13609 185 7436 511 4517 3944 2618 4911 7700 10267 11314 3629 4291 11167 8804 15150 11043 10268 5967 3621 9500 10341 8241 607 9591 7366 7107 4053 13302 6392 4527 11793 13740 10853 8916 2481 8378 4459 11352 13346 4970 3635 15024 7300 5606 7821 5961 7591 6057 5737 13098 14340 2581 3886 3545 2308 4471 13601 15874 6148 1207 1659 1081 12840 6879 1054 14039 14328 13831 12443 4992 2389 14111 7050 6529 15584 8267 7120 6412 7646 5713 6323 5374 5146 10629 1620 10141 9349 11732 6263 13296 1162 15506 11548 9828 14044 2644 3657 14464 686 2955 9551 2302 2631 12946 1242 1281 7448 15288 15316 11102 2888 15904 16 11279 12817 5740 13425 8703 6435 11107 10455 11750 9885 4149 15198 5290 2861 9981 5303 7833 7544 2816 13046 2331 11655 7570 11452 8503 14108 9584 13877 10380 14447 676 10002 4767 9996 9138 3797 336 9025 14849 2878 4120 11473 11547 14766 12499 15340 11270 4030 14730 7125 8427 5075 257 5400 7780 12740 4588 72 1931 11370 15053 4434 871 2632 10549 8824 14221 10723 2440 12735 7209 3015 1491 11498 11944 8255 12118 12271 4808 5470 13703 9132 3911 3962 12668 3255 6559 5129 14785 8391 13069 5174 2465 14865 2215 9291 6200 1476 7819 4990 8986 9078 3275 11132 7401 990 6575 12425 204 15493 13142 5447 9680 8821 4133 10371 4240 125 6334 10559 545 2007 5857 13410 6042 2499 4882 12931 2828 3591 4729 9521 9650 3067 648 3207 2986 1733 2015 945 1597 7740 12827 15199 10271 14219 15403 6753 10624 7034 10203 15343 5886 11201 7948 10359 1177 8710 7222 2109 4981 10577 6122 4153 12870 1448 3901 8798 10241 575 11701 13736 1692 14589 13991 5659 12767 4267 5029 11980 4217 10258 9275 3603 14371 6974 9764 6422 11839 8588 6844 9518 15250 12777 8258 8294 5838 3882 9303 795 10275 5767 3554 7281 14005 6601 5434 12629 15948 11512 15310 1041 11078 5526 3500 4938 2178 14501 3926 3290 3505 10024 661 8461 5868 1529 202 11607 11737 7240 15791 11311 13225 988 9282 3116 11999 6120 6227 12451 6739 10805 8850 10991 9770 2590 5664 6642 9115 14000 3767 325 14263 13820 10111 8100 9866 11353 11813 1337 2293 4479 15201 10301 7715 13932 13153 9852 13640 3896 8125 835 3937 11322 8170 505 1710 13398 11700 2310 7299 14906 4118 13226 12397 12433 13928 2367 9322 9453 11395 1430 2228 13112 6556 14838 5502 14471 7696 9912 11829 1974 9431 3393 8202 6774 13042 4662 1598 4192 4623 4870 2501 8839 12211 7269 7558 11636 4033 12651 351 15068 6009 11609 9455 9031 423 13469 15434 14260 658 9536 12301 3598 4288 9332 5334 11190 7805 270 4188 244 11158 12725 6178 2433 15435 11219 978 987 8719 14966 4740 12034 8160 3370 8976 2046 13852 5983 10156 7053 8220 3575 15215 944 8250 15211 9974 701 13170 15766 13088 1007 9183 13699 3803 5327 1367 15657 13774 10675 6607 8011 9972 7090 1707 1090 7741 11341 15758 15916 12344 4226 13001 2786 11280 2171 14353 13950 10465 2121 7721 13775 1070 3862 12581 1501 14152 1796 6479 6869 7551 15158 11156 7057 13998 1656 5686 15565 1572 11811 6967 13507 11794 6473 1985 15567 9088 12782 6937 660 5120 13506 13152 4901 3098 5909 7416 13161 7168 12026 1527 7192 11268 9730 2485 12080 7472 3193 8462 9475 877 7441 4914 7618 12475 10952 13805 13949 5034 7628 8140 1778 3613 3858 13517 5268 4844 12220 6896 5799 10698 2547 6524 11874 8270 12537 7186 3525 5201 6133 1805 6551 7650 1368 6799 3188 2155 12744 515 9075 14594 6056 2362 2297 15641 9630 8193 14413 803 9778 13408 1187 9353 1165 776 7601 14265 248 15286 452 8374
Route 6: 2611 10618 3977 3436 7446 13796 14031 12195 3022 8139 13589 1960 619 1843 8095 10791 869 6497 15392 11538 6850 4543 13499 5998 2652 7008 5144 14279 2893 936 5603 14660 3488 2937 15593 14806 11804 8334 10677 4230 13241 7920 7482 682 5270 1250 10546 14008 4287 4544 13924 12021 266 6771 10005 6373 986 14876 14093 5628 11907 7880 12519 6152 2319 2232 11955 5709 5684 10027 8890 9162 14837 8304 4380 14627 12383 2133 3812 512 11062 11657 6518 15033 6349 3037 4998 10663 2681 4837 3895 3411 10451 8698 9058 9024 11852 334 5917 122 11029 5435 12644 14254 6580 9696 9045 2685 10782 2968 10657 7684 2625 7113 7108 14090 1920 1964 414 561 8046 1224 6692 904 8784 12509 8612 13474 15248 9311 4353 6270 9528 8713 14834 7799 3278 15297 9588 1809 6383 7674 6591 7418 14207 612 15734 9640 5138 1489 590 13745 834 8497 5547 5529 9995 3722 15323 2713 6976 1064 15128 13140 12132 7888 5397 13370 15596 516 1821 2776 3549 14615 11002 6824 9842 2054 2358 12457 3991 5882 8129 12436 13396 398 12972 3276 6013 10063 4550 1362 6222 12269 2096 2029 3337 12993 12095 1913 7749 556 12075 12041 322 12222 12430 12938 14659 2177 15902 4936 4011 1774 8883 152 10962 6804 7483 3117 8277 2818 14078 8808 11126 10019 1006 12860 15486 2240 7966 15816 8239 11667 7891 2243 8442 10379 2184 1467 10352 10505 8649 2434 7525 2435 14707 1904 4488 14302 14770 3574 14387 11709 12625 5841 14384 14979 11536 9632 9178 8103 14851 6385 7158 15694 12149 9861 10159 6584 15473 8712 2353 5225 6439 4128 850 15921 7262 543 880 4199 10532 13712 1748 2498 3764 8004 2977 4571 2112 14756 10719 6370 9671 12920 7768 7207 14326 769 6098 14982 11491 15867 6280 611 8940 4461 809 5866 13552 4112 15937 5987 15233 965 7932 6864 14509 9787 15653 3835 3653 14824 3346 13519 11922 11595 10889 6644 7848 7024 12658 6460 5236 94 15568 4726 2943 11296 13706 7437 15519 12342 8817 501 2746 3818 10643 4368 8529 12855 5254 11364 10907 14258 4225 10290 2061 7946 8351 10992 5062 10554 11675 10470 11654 14702 3891 9529 8508 2265 9719 375 1881 4095 4355 10731 11385 7356 3021 3850 8360 14951 1590 9190 10602 704 14184 2538 8775 5222 4008 10424 1378 1810 4108 9396 15894 6708 8921 4450 14537 6 2005 1110 9254 15294 12302 11265 6456 9801 10467 9471 13053 3640 10969 12377 12506 10169 8594 12813 5243 14272 13284 14214 15191 5660 14454 8843 4251 13634 5569 1268 12371 2361 2217 12705 2768 11471 930 1410 10006 8589 10946 13635 42 189 15864 12435 9387 14418 892 643 14187 7318 7831 2702 13895 3663 4013 2775 12726 15936 1739 12094 6668 5437 9055 360 1239 6255 7905 2712 7774 8018 5561 7636 11509 9891 9511 4682 4447 13825 5067 6759 10686 5739 9661 15430 13039 3760 11787 6185 13617 9659 10072 12427 10784 846 4858 385 14628 14145 12964 6070 7657 15966 6862 3709 7123 11940 6635 13910 9999 13629 9813 5756 6928 14158 520 6052 11833 15243 45 13008 9889 15427 10375 8209 15195 2897 703 13277 13307 13405 4302 7296 1049 9773 1298 13707 4320 14924 5874 8350 6638 8320 7292 9482 446 10631 1936 13763 9856 3042 3385 12391 2496 9788 3424 13842 14024 5068 3390 2408 14764 5568 7165 9098 15488 10374 11393 10741 3156 6905 10439 15716 3091 15253 8085 10864 12525 2480 1488 571 3242 5804 1088 7044 15002 15410 5520 14556 12953 3296 13066 7378 10485 2190 9304 11112 14842 11293 4567 8917 11785 5642 9068 2924 5420 4269 15112 10790 473 3329 12631 10778 6991 14025 14542 6229 9720 2044 977 14640 3689 2717 13084 4966 14440 5360 14001 8184 12400 12763 8484 1359 13245 359 7167 7456 12527 6702 8260 10235 1693 9585 14549 12567 8643 6827 11330 4424 14169 4556 1562 5210 10004 12093 6357 10073 13628 11106 346 8328 14291 13569 5293 6605 210 12745 4825 12934 4967 9815 12185 2622 7911 14539 13482 14679 5661 8631 1194 15208 6029 7737 13258 10082 7067 66 9983 1002 5157 14786 11108 13571 13251 11463 7440 5271 13290 10922 2242 3445 10482 2208 1596 4730 12469 14097 1628 3403 13879 13002 15748 7095 15674 4702 8646 4213 4243 10885 15 2626 3592 2508 2329 11052 8534 4592 1399 3168 13558 7159 15419 8176 5613 5649 9043 13956 7037 3744 6898 435 8822 11885 11665 9665 15308 6216 6533 8138 11850 15247 13348 11510 7430 5110 6171 11627 12098 731 1254 8121 11162 12737 1948 4080 8281 15706 4703 8783 7528 7001 8640 3300 1674 7593 5416 3368 11009 886 12611 12701 9205 11371 7245 784 10023 15279 11683 12334 14511 10560 1574 4285 9725 10412 9802 5755 13951 7860 1036 2100 5162 3547 3321 7641 9863 8941 9351 4626 13653 738 13961 1402 3044 15779 8648 15542 6317 8153 4562 12198 12477 13697 12497 6535 1170 510 15702 14634 12696 2457 13414 12940 5953 15153 8779 2969 3606 13693 3945 7161 13637 5410 1989 12343 11986 15398 10313 1900 15355 6302 13921 11400 1267 5035 9603 472 9366 9949 8633 6046 8214 8092 3216 15729 182 15443 13759 5405 12947 14239 1029 2344 12214 980 9306 2052 4761 3332 5014 12373 8434 13505 8050 10669 15369 245 11857 4826 8272 8762 11831 7312 4984 10611 7431 14161 639 1661 13555 12412 1401 9435 12608 11443 5078 8857 9860 11994 9424 258 9710 6067 2877 15010 6414 3107 15536 5208 2254 3642 818 8607 15660 13487 4370 3534 4180 11304 5891 8061 14711 2311 4348 2880 11082 5600 7438 12532 8185 10958 4807 6823 9984 6894 10998 3440 4457 1387 10097 14271 10104 13830 366 6431 8112 15178 10356 12345 14377 15391 13848 5312 9200 12346 5718 3569 4946 10800 9111 7530 7139 4609 11153 11340 9381 7319 2108 3790 11184 11971 6977 6569 327 9070 1496 620 3148 14681 4912 1987 6852 10598 2545 13923 8221 5970 4071 5232 5914 14746 4954 7343 7667 13477 199 3737 12633 2925 7170 1373 893 15407 11514 8379 11486 2216 14725 5092 6789 9947 8005 9825 12891 14473 14155 6545 13368 13806 5345 1510 6055 15007 15754 10768 11290 14562 2032 6291 8029 10143 9855 14621 4891 12003 14940 14925 10632 12277 9648 10829 12637 9417 14267 15167 13547 4405 1982 4559 5856 4081 1256 8384 6301 14202 1365 3200 13393 7306 1841 1131 8516 264 7257 1080 8141 10501 14943 11115 4785 3959 12069 485 5252 6112 6738 6944 14727 9628 9478 1262 3285 5214 13350 5977 11880 723 764 15494 8431 11193 5614 11285 5693 3522 4246 5638 10699 10222 14884 4209 9199 15487 5826 12626 5814 7400 1282 10457 13720 10857 11528 957 14697 3412 9600 6735 15649 11774 11525 4144 8208 2026 11682 15260 3018 7156 4513 5742 13711 15188 6972 2824 10088 12673 8996 7925 12310 263 68 9383 14484 3225 6756 2733 13574 6092 260 651 13349 7739 10737 8336 4872 14780 3492 12877 9897 15446 3874 7608 173 14510 12476 9112 8204 5495 4692 14469 1630 15728 15659 219 11912 9832 6683 12853 396 1615 14790 12898 293 7617 15371 13491
Route 7: 10764 4022 9755 6868 14079 860 9352 15176 1575 4548 7915 5019 862 12858 14488 9538 9053 13456 4369 13018 5402 7251 15611 10256 10985 11367 284 3179 3586 7160 10381 13622 11298 6221 4986 6776 13200 10658 9886 9504 8753 5598 733 2973 8825 9560 1314 13898 9638 15529 12746 1696 975 11617 14623 11743 4701 1228 10423 11481 2385 15865 12146 13838 13442 1136 3172 2438 3749 2511 8677 14105 7020 13163 1736 5241 12749 9314 10798 10984 8369 10750 15454 3784 13341 4436 5640 4749 3928 5830 8069 13960 10912 10228 6265 14690 10684 7491 10727 6126 14244 7405 1013 5566 11861 15346 7435 10000 15905 2694 12761 11691 13573 13108 6487 4724 3846 10034 15336 11853 11187 15669 9620 11753 6388 4722 13162 5815 1199 2479 1124 4091 8653 1236 5827 2785 11469 9427 3433 11579 2988 14022 15555 6242 3245 11408 13464 1336 14735 10815 6512 6199 1012 8191 2321 1788 6058 12922 5341 13310 11963 1485 268 8573 6699 9310 15389 13810 5933 13236 3375 15238 11725 591 7321 1865 2870 997 9840 10001 9747 13605 9662 9194 529 3916 4621 5843 12731 2602 11163 1533 7968 6217 8670 2370 774 3650 10119 7199 1453 4827 2974 14343 13907 9329 5011 3056 11724 12061 8067 3770 9067 8668 11422 5081 14400 4446 11046 12582 14429 9726 15028 5246 13457 7263 5621 4386 13114 12068 6562 5926 3648 7260 14141 6979 5083 11549 2137 11212 4993 1493 14325 12816 7345 13406 12208 9243 13333 4713 10891 11013 8576 9989 11128 2474 3887 7885 4978 4839 3407 13503 1147 5612 979 9647 4753 15358 7537 694 12423 8828 14091 2674 1616 12148 5706 1168 15982 5647 11360 9212 1937 11798 3700 14882 15931 14571 9464 11196 8933 14980 9530 11500 11733 11339 11084 1277 8477 4750 5747 8013 14975 3865 3226 8420 14622 15765 12015 14444 12739 13889 3541 11747 14126 15086 2663 2182 3096 4817 2687 4090 9621 12492 11704 10842 6436 4968 13268 9957 15595 3187 5475 12072 12815 1651 14598 95 8315 9420 13167 15291 7396 10361 13989 7101 6734 15856 11576 12303 7146 13298 10246 15138 3614 9854 15324 4792 6795 8926 4138 15445 12275 3316 6726 7250 942 8028 9459 10367 7511 8501 11450 3519 13388 4059 1152 6845 9348 15230 13099 6530 14364 432 15330 11919 6082 4107 2582 9166 10579 3910 949 12501 6838 305 13261 13322 7221 3343 12168 11488 7374 7514 941 9926 2666 5559 8884 14560 1560 7685 1360 4977 11618 1882 4715 854 337 11540 7704 1570 10642 13946 6677 11796 6678 13309 9265 7595 7141 15763 4586 9712 9120 11351 12073 12843 2261 306 6768 11209 14671 7575 5570 13591 6903 11057 3189 410 11717 9570 12792 10317 11110 636 6266 770 14592 4036 13057 2930 519 9000 15725 2505 5053 14468 1645 15121 14392 15778 3568 10948 15004 10887 12016 6143 6393 9677 238 5513 14680 654 11572 1555 14582 10555 3953 1852 9753 10466 14524 7807 12320 4884 9436 1558 6585 4472 1148 3050 7877 14717 8340 4397 6150 9260 7208 5368 11738 10676 9270 6604 25 10286 1681 6225 5871 81 2901 9394 3382 4947 393 12426 6073 63 2887 4714 2328 6447 7278 3100 8426 8173 1822 11392 595 7333 939 15721 9779 1235 4531 10483 7249 5695 26 12340 6916 4824 14188 6344 13256 15120 15803 7850 14873 15787 15459 4794 1008 9636 11720 7481 4704 13049 6433 13872 4505 14459 15984 1045 1851 1376 12753 4587 13974 767 6395 9775 15656 1986 11988 15811 8983 10999 2883 4648 8163 13252 5187 3825 8666 4506 13419 4236 8182 10819 5828 823 9880 10721 6657 3936 1082 8049 15995 3739 7301 3298 6361 467 6888 4902 8457 4558 1284 14062 10253 6716 2940 12738 12842 12111 15886 1474 13081 12325 4301 2079 13404 3473 7464 6866 15599 12992 14375 13938 8166 8036 3605 15421 14356 13058 1695 14991 13347 100 1853 15117 6343 8741 15319 13306 3676 11155 14948 14916 507 12791 8886 12908 2658 15903 3256 5633 2605 3331 10199 7116 2553 242 1675 6394 15833 9583 3314 11444 7935 4134 1018 2314 12592 7864 2654 11775 4516 8068 1712 15137 10620 11358 13776 8591 2244 2028 10581 4319 3652 9548 7839 13579 2495 5165 10531 2677 11269 13789 7994 5806 6709 5564 6620 14957 10793 6690 4523 13827 3129 8929 6675 2016 9145 5087 1463 7072 11462 14953 6502 5820 14639 12679 9418 126 3511 6064 13097 12681 9599 12440 10645 9566 6613 10971 4076 11430 11976 8383 15531 6510 3786 6372 7180 10814 9027 15334 2085 3773 2116 15148 227 12321 15236 341 361 12923 8982 1452 6923 10014 9368 11589 12251 11590 1777 2373 13312 4930 10192 13781 15133 12641 14181 7427 12027 3302 15569 2341 5948 369 11242 128 8366 10710 6202 779 3787 11769 3185 5753 12615 5724 1341 12803 12188 11255 10773 6258 6855 5403 12172 7099 951 13891 5020 1862 6262 10425 11256 12991 11715 7789 8396 8130 3811 4880 8893 4061 15676 10667 7955 9613 7473 12903 3823 10314 8453 12566 14036 5798 186 7582 4160 6031 11960 12297 3682 2168 12487 3927 5533 10959 10600 2514 5343 193 10215 13768 15559 6853 10122 13017 374 10071 9877 2597 11038 4009 6160 12556 5426 9573 6235 10311 7415 2194 15441 14049 7989 12575 5051 8541 8981 11596 4026 10543 6260 747 15081 8283 2889 4625 2851 3625 6907 483 11949 6250 13133 15896 12694 5172 10476 15480 8906 6764 9433 4746 2640 9286 8072 11138 7328 14437 15492 6078 12802 14401 3719 1287 5398 8159 12781 11782 1300 6118 15547 755 3184 1544 13801 13915 13864 15604 4866 11397 9419 1109 9358 12516 13345 11116 3251 3638 10755 10130 2292 15202 9278 579 610 14148 4481 9253 14607 10326 14281 1618 8278 3688 5656 3384 1679 4484 9896 11542 6833 7939 7622 6815 5066 13564 6427 4202 2719 12046 111 2669 9294 3250 8736 321 4083 4261 641 10337 14422 7272 7426 3680 8616 4988 6818 3571 12620 14443 14335 454 328 12667 8903 2335 6313 1355 1783 827 1795 2949 298 14247 6279 7620 3708 8329 2532 4415 234 3307 7100 11723 12260 13402 9681 5136 4876 4520 4760 9678 626 11374 2621 6040 3315 11842 10066 6406 132 14327 8799 5524 2975 15022 12216 3583 10189 9519 12500 15973 1212 4999 5167 10510 12324 1686 10944 1655 3659 14801 9902 3266 11151 13529 6780 10392 13840 2075 5101 6908 8009 2729 6470 3808 7232 1708 4006 5326 15463 9011 10563 4536 1906 14726 4948 5306 933 9229 1126 14019 14584 2200 1673 395 256 2272 11294 1737 3686 1409 8989 13561 664 499 2423 6499 11203 5280 4045 15482 200 757 5530 8123 7584 5899 14777 16000 10692 6210 4830 5989 5448 13 9758 796 2598 13817 10599 608 890 13954 646 15429 3873 9430 9288 7004 5082 10376 6287 4410 8408 11217 6969 13535 9273 4535 11248 6156 2313 7895 1442 2396 2613 5572 15013 11006 4652 12483 231 4608 11218 13919 13582 9577 3828 2049 12246 8473 8814 15832 9550 10273 3501 932 15968 7563 19 348 4062 15325 2857 3452 96 13845 13445 7538 11504 13139 3693 75 7719 2151 3607 2010 9080 12261 10503 7033
Route 8: 3493 6968 14069 8729 5956 5562 10558 1757 14848 12226 6895 15891 14133 10448 3102 2258 213 2627 10438 1035 15782 10722 10113 3330 9295 10087 3259 7795 4437 15917 1614 3940 7840 14186 602 6964 7219 7733 11650 9122 9457 5039 9004 1540 2569 11951 15592 5483 5887 299 4208 7166 14179 7965 6872 2268 2568 9686 7132 10478 15376 15579 14430 1789 1208 10365 6760 10717 11578 7566 4725 4965 1350 14604 10202 14360 3008 8456 5155 10219 11891 2513 11449 1423 12834 1551 2615 8430 11000 7384 1550 12886 15880 11409 797 2176 4277 10986 3232 11399 1354 10580 14477 4214 7778 12123 12856 404 4148 309 1425 4469 15235 1005 4474 4589 8761 2400 3920 14658 10681 14435 3777 15818 387 14278 15834 10161 8225 9932 14497 3938 12102 8527 12247 15285 2086 11220 6563 4499 35 11908 3750 11199 1411 11599 12868 527 633 3327 10089 10775 10335 10960 3287 1912 3386 70 8840 14706 2869 2455 5770 1324 6664 13082 10601 11688 6469 12255 11945 2534 13176 15817 2671 8878 7853 457 8017 8889 8685 8904 10116 616 8948 8681 992 2810 10740 3459 13246 6875 2241 4379 12010 8076 9483 12925 4569 1918 11897 14768 5077 17 7585 3049 1701 1806 14461 10094 11210 14858 2841 2909 10060 391 3399 15910 12980 9425 14080 7499 3166 2830 12097 919 5332 11694 14143 14489 15960 3281 6149 11744 5173 13214 138 8525 7076 13869 201 12218 5800 14492 5333 13311 12776 6453 4260 8319 14106 8015 6941 829 428 858 3892 6340 7587 14212 15102 5242 3162 14911 10129 10250 14192 12000 4651 12762 11585 6330 3011 1624 1542 11143 2609 10330 1747 5217 7341 11359 4140 2110 11076 12494 3395 5127 12203 3868 9833 8147 2507 853 13036 9012 11692 10454 15159 10121 7521 4041 13169 12546 3813 9317 655 6583 4522 9409 10785 11387 3507 14268 13357 2397 7835 7962 10552 2700 7655 5629 5320 4593 8836 12915 3006 11508 61 5102 3530 10135 2757 5795 12732 15835 8606 7825 3303 7703 6021 1116 14794 7176 13485 8730 372 11059 9021 14879 5675 9723 9533 14156 10622 7025 9408 11946 2033 10614 4252 15416 5639 7451 5908 12756 1349 7701 6801 6582 142 5749 3043 379 4613 7829 10541 153 5558 2941 14018 1030 289 9235 14521 12281 3363 9401 7810 10913 9284 6145 3 10210 13093 14303 1263 9076 5782 7693 86 15277 5401 12078 13783 13283 9927 12531 1503 11324 14862 6503 9135 14736 9232 2536 9056 2347 6653 13784 2576 1066 8052 7823 2475 14016 6110 2931 2375 13650 1688 11130 9908 10417 5036 1895 9268 605 4958 4855 6365 14478 12965 14705 13539 7826 7916 3311 1917 3319 11047 1056 11179 8742 4245 8142 1857 15613 232 3815 12420 10154 3972 4994 10711 6659 8686 7882 4647 5907 11707 13791 4191 1885 15997 12656 11656 1079 7791 4741 8171 9830 11345 11834 7023 12594 1568 133 7248 8788 881 4637 1312 14246 13194 1949 7193 14235 4552 8998 7545 8740 4782 12341 7539 4334 15045 1719 10955 4576 6593 10609 6531 6163 1274 12794 13386 4040 6167 8380 11244 11159 15332 6172 7731 7204 7900 5286 4411 13321 10804 6415 12887 1427 5973 10176 12572 539 8638 574 9181 2886 15707 2114 2034 13739 6982 4818 8247 1784 7320 12121 2223 110 3664 7455 10321 10112 3967 13367 15476 13121 338 15516 2854 3060 12235 14146 12480 12562 8373 8438 3013 5565 5979 10841 155 1075 8800 4155 2525 10813 12305 7143 13606 14568 376 12536 910 6958 9185 9501 2122 13525 188 7066 5046 6609 10847 4917 4210 4404 13015 3731 13828 14455 10903 10264 13450 3267 966 15681 7171 3965 2383 14417 3905 5682 7658 6020 12374 15104 1867 12766 15928 2533 10422 15295 4124 12284 1855 2104 10196 1844 12158 5825 13798 12751 7026 4358 15720 9226 649 14138 13022 14740 11381 1814 15723 9688 15017 4178 14973 8406 9092 13793 7293 9572 15354 12676 6548 9739 9107 2280 2189 6586 10594 12087 1316 2809 6128 5189 8568 247 3387 5307 13323 15417 8377 4283 708 5557 462 15677 15505 3210 6267 7755 14700 11024 1046 3792 985 11141 5522 6802 7339 8738 8551 8942 14732 11045 5114 7758 12538 4068 10771 13870 15083 7038 9555 24 10197 2437 6338 4605 13885 11927 1538 2270 14117 2905 2585 15924 15061 12364 3046 5701 11712 15134 6134 1593 6241 15820 4860 324 6673 12267 13437 12864 9256 14198 15614 13220 10706 7724 10194 3869 11844 8120 11935 1217 10427 10524 10370 15755 15727 1257 11264 12085 3306 14273 6376 4478 10748 12403 12064 3165 9285 12488 3872 85 5729 13387 10220 13623 1761 6296 6949 11195 7098 8985 13025 10801 6847 2158 6946 9103 4607 12186 12143 6158 7376 8155 14275 1370 7153 4728 14663 12811 5301 2748 11652 1586 12395 15730 11969 5650 3907 211 13747 2928 3222 12829 3133 13502 1176 5696 15682 12465 10213 6054 1458 6022 1315 9429 10850 14253 14646 8978 10507 9541 7602 14171 14425 287 2862 6183 669 4293 10204 1764 6921 2744 9034 13988 9649 12194 13702 7041 13983 1248 11929 1037 3517 3531 3935 7075 7224 3611 5869 15139 13735 1196 2573 13593 7215 14984 5372 5331 1060 10906 13124 14813 8515 3277 6231 1602 11936 11239 13366 8774 9283 10525 3077 3487 3183 12977 3420 7908 3293 9711 12647 3801 10590 10041 734 855 11718 8834 11786 14230 4000 6490 3191 11058 14357 3878 1792 3462 495 1756 1164 2275 1055 2421 2185 13797 7212 12224 15698 7580 3853 6044 15687 10836 9434 14 11836 5498 14403 15481 749 6096 4518 11331 1869 15946 10935 7553 2799 4705 14853 4136 2606 6033 8869 12031 13475 13494 47 1824 6278 14529 13900 9308 15875 9914 10701 11137 323 11246 12818 15514 11451 15752 11018 15764 11965 7809 9684 10306 5736 2860 8900 12654 283 7459 11306 303 7651 8635 13881 13385 11415 1927 14544 4890 1541 10844 4561 14493 3995 5388 787 8172 14075 11416 9379 10175 1996 9535 365 8455 3051 13657 5692 7285 8412 9892 2866 10428 10920 10252 1861 11697 7564 7961 447 9933 1750 12298 7982 15615 1042 10718 11101 11552 11189 4312 11423 8667 10328 9657 5583 10388 4922 625 2111 11950 1576 8521 5589 10820 2794 7621 7910 10500 728 7433 3474 15449 12332 2065 2872 2048 9513 425 13403 14402 7736 12293 1771 4100 3713 15726 14719 9913 221 14122 11168 8737 8020 10817 12962 2237 553 9325 2324 4674 12690 2191 7235 15344 15161 12960 9762 14922 14843 3717 12653 15182 898 5710 14990 9706 14526 2296 13460 1816 3843 269 14596 9336 6631 3175 1961 2540 8543 1439 7642 2359 7316 7210 1995 7410 12117 4823 10882 8793 10415 11064 2487 4398 5186 15184 15030 4366 3153 5898 15008 11032 12254 3101 1652 6758 5484 8564 1648 6366 14211 5625 2424 48 8327 6942 5521 5918 14593 9966 4920 6590 13054 13986 10468 7383 5324 623 11866 5009 3340 10101 15785 14540 14424 2731 10307 3854 377 2173 15101 10799 14545 8974 4754 6552 11909 7969 9395 724 4175 6719 2524 14585 11222 5627 11289 9003 10973 10435 11714 1383 3562 15535 5735 15913 1631 2315 3110 12564
Route 9: 13756 6886 8403 9175 11721 6778 2269 9461 10724 1584 1334 2607 8504 2025 8137 13515 4752 5121 12568 5817 15618 14881 888 14760 5673 8101 5505 11668 6034 3665 3333 12708 139 11973 8778 15276 7846 6626 3766 4489 4941 10446 15541 7205 7675 4673 11997 13532 7011 6088 1730 1188 13762 5940 11600 13195 12187 12837 7375 3655 1024 5761 1332 5086 6854 5396 13107 2963 6084 8663 13654 2564 10449 14751 2826 11414 9571 9537 8651 12018 6532 4627 9215 4109 11305 712 7625 4560 2345 15009 4748 2840 1967 123 2577 5631 1011 4451 10754 421 10519 13754 7021 4399 10216 15214 2588 3218 3358 15639 5259 6476 2620 14341 15352 1886 15071 8417 13851 10150 14832 455 1416 4888 11502 9179 15218 8920 9540 5297 8242 10654 5501 4910 8498 5991 12628 15724 2148 2441 1901 2325 14763 1892 3458 11635 15882 6008 9239 1059 13430 6706 7546 12019 522 3313 12709 15309 12639 3447 11224 6873 6861 1278 15468 4867 514 7579 9296 12028 739 12720 1899 9846 8621 10102 793 3486 10186 1023 1101 3958 2120 2463 15387 8056 14792 1726 1993 5644 10475 5353 5176 4110 6257 15179 1938 1654 6238 9320 6863 12399 2599 8008 5623 7406 4769 7790 8560 3646 14814 10077 9130 7502 15830 2521 15090 6173 13375 12245 15457 6410 10911 7355 10963 11809 15688 8807 1607 74 13936 2252 10551 1743 2493 8265 4929 10989 15038 3587 2676 12253 12526 9267 5881 5112 490 3806 7273 11838 14045 14458 6766 1192 9587 12376 9709 1057 14224 4212 11501 4819 12099 3627 15351 13717 13835 10855 7365 2847 11048 8355 10713 11859 9586 11843 14840 13633 2090 12736 14595 2141 11405 15650 15823 12748 10114 6421 11801 4168 3354 530 352 9415 212 1289 1782 9964 6004 6367 1096 2051 8080 8848 15180 8545 9486 10305 14748 4021 5824 629 7613 7394 3135 3734 2289 3342 10770 13021 9134 14428 10322 14144 5185 726 15548 3174 149 9123 14346 15839 13044 13526 8205 10880 191 9374 12024 12929 15572 9767 2874 1554 3476 5939 1850 4976 11827 6752 3167 7644 5338 13166 7716 6275 7854 8571 8413 15466 2763 14072 10664 3690 4103 12612 11152 12917 11664 11818 6527 1258 13786 9697 7247 15080 2859 2234 14352 11216 1646 746 14173 4624 993 7175 9299 984 3443 13658 10788 1945 6165 6930 13865 7424 9763 12831 9109 10007 10635 15949 9382 11144 11337 6147 3922 6420 15437 15037 11563 14242 12266 10183 7277 1203 12471 13723 6065 1119 82 10878 15918 418 14637 12459 4980 13446 5666 8393 10103 13374 7892 906 1243 1142 2691 9986 15268 15411 277 2053 1428 4539 4957 5811 15237 300 6407 1303 1925 6213 6102 2162 9956 13417 15942 8789 10873 5960 12851 5386 14823 5852 9030 3669 12937 4964 12466 6378 11736 1578 10879 12160 5669 6576 6491 11765 567 7286 8892 742 10343 12882 6170 11505 15769 5126 10402 14769 3092 3883 1346 9238 7573 9210 13875 9100 9864 442 15296 7556 12689 4050 15451 11233 13308 11172 13578 4131 13761 8728 2899 12997 9798 10623 9809 440 1559 13638 5310 15743 6359 10047 10954 14651 3243 15249 3045 15241 5094 2011 8554 4123 15216 5766 12311 184 6632 10358 13577 13995 10036 5759 6541 1787 3176 4500 7014 13674 12804 2932 8687 14821 417 7363 6920 8540 2352 11386 2651 9869 6922 808 959 2014 2560 13077 9391 11948 558 9176 400 240 10298 9670 9562 5683 1001 15668 9607 3919 11181 102 8063 4336 6271 12458 3893 1556 15747 5060 12949 2710 14215 10848 13652 8895 5195 9262 4314 4491 4835 5905 6737 5915 10018 14099 8425 15420 10504 1753 3859 2236 5454 5540 3118 12180 1486 9116 77 3211 5605 15496 4433 572 13362 10125 308 3463 11808 6116 12135 12836 1557 172 1509 9393 1832 1889 2160 12077 429 6402 4070 6707 370 13199 7103 9359 7094 402 14945 14334 14047 3834 6666 8999 2502 8376 718 10117 13020 13694 9219 14035 10947 7421 2959 506 6007 1879 14174 2595 865 10652 12467 3391 7032 4051 5161 7711 7414 6214 5515 7743 13544 14900 1858 765 335 8345 10469 1426 14552 9890 8188 1859 12155 13101 2848 4190 15452 2283 6746 1330 2115 13273 9028 8947 2845 8590 13730 8819 13143 7460 1941 461 394 8932 6418 5653 12535 11826 11566 3624 10621 11317 13316 14448 2102 15439 12895 15483 14666 1718 10650 15192 14969 9752 4297 4354 3292 1283 7372 15671 8773 6731 9917 3748 15631 10980 4177 5596 15793 3942 12296 10158 3622 6358 2097 2484 8507 1380 6483 3451 7393 8472 3817 10739 4843 12563 8411 4871 4849 8443 9184 4985 2787 12227 632 6109 3999 10139 1435 9309 14817 518 2892 10045 10231 4738 11766 3989 356 2770 7723 3374 13861 6245 9472 5054 13522 1589 1818 5430 10527 1198 5962 14083 1025 12415 9734 12823 2657 2520 8025 5058 13455 2139 5362 8841 14021 1530 12945 1773 286 8211 9814 13916 13240 5456 2792 14870 3497 136 11200 4426 6237 10509 8134 7432 15109 2919 7942 13602 3426 6975 5944 6555 8075 15261 15111 3404 5158 3378 10578 1876 7297 12173 3763 5373 9335 6103 7548 6016 870 13874 7926 6085 9819 14020 11214 10070 9623 11573 12355 4421 7581 6597 9925 8864 13411 6346 13733 343 1976 13254 11031 7705 11042 15759 11591 14661 5864 12716 9971 4490 5807 2490 14054 11799 11624 2834 917 3968 8186 15163 13854 6816 192 7082 5166 2343 7998 5168 11640 12306 9016 5304 13772 8082 13859 3400 13324 12006 9414 5413 2894 3397 10095 8598 8493 14892 5318 7361 13856 13259 11695 13690 6327 8544 8971 3567 8483 3955 14172 937 12967 5427 5284 12640 10893 1854 5703 3515 4832 9942 11089 2639 735 741 673 2073 12584 13287 13000 13780 609 3913 7771 8937 5676 6883 14441 9506 7542 8390 2767 15869 10201 15854 11027 13904 8423 7844 1460 13238 10636 6432 1785 1694 13380 14023 6256 6810 5156 11778 5132 179 1459 2966 3681 1498 5752 13303 10172 2477 1414 2250 13110 4326 3068 2718 6728 13401 10426 9334 13359 5105 11461 10961 5305 8810 11173 11975 6712 273 9824 2612 9539 3192 9216 7261 11146 9993 10086 13074 12113 2982 12229 8422 14601 12588 845 4429 329 10211 14277 5359 7867 6209 3161 581 1963 10831 5171 802 14942 3934 11221 4063 14515 14470 11581 3555 14631 6441 13884 496 9269 4719 1704 7122 489 14724 3075 791 11309 10315 6835 6310 10092 14160 12366 3482 11568 759 4615 12122 2443 13409 9652 14902 2796 8224 13537 677 12941 15872 14081 10347 4545 1009 10866 15472 2020 8624 4303 1446 10282 3651 11007 2849 13625 15738 1492 13883 2271 6793 12927 8148 6767 2307 13378 2885 1791 622 14262 7398 14914 2646 8790 40 4619 10825 11564 11243 331 1272 6081 4074 1099 9955 12894 7785 12270 491 2205 1413 8647 13508 15971 8289 13746 12939 9499 6665 216 3017 5996 7725 3362 39 7730 7777 10644 15479 8943 13771 8727 15026 14685 2991 6142 3294 3202 13922 3609 12439 1 7967 15115 1065 1100 10452 5510 8912 439 4271 15933 14516 14563 135 11065 5090 254 7005 9502 8331
Route 10: 405 8158 5531 11968 13906 790 7695 13655 1183 13695 3601 2987 8535 2831 7824 10382 10232 15884 12350 10324 3186 13102 7402 1223 3799 8492 3377 3414 5481 13232 674 14918 2077 9565 4393 11621 5680 4514 11878 3002 1171 12902 1537 14082 13557 11131 6546 11123 6305 3885 15059 10607 6104 407 3115 2728 9171 13911 9272 14971 11228 3454 2337 3912 5711 13295 10309 10223 8759 32 11010 9928 9039 9406 13819 13673 1983 36 814 11615 6791 6289 8791 3197 14611 8349 10520 4073 11410 15815 7077 4602 4995 11472 9497 9328 5959 10148 9558 3979 6870 10040 603 13686 6445 6891 12470 8846 14201 2546 11984 14257 8862 10534 1130 9202 15409 14962 4815 7531 10547 7852 730 10373 11075 8956 12181 11840 12361 15372 4875 14136 14758 7738 5070 1123 243 354 615 7605 5771 43 6375 14519 11308 11832 10336 166 1227 3679 5294 6806 13550 6936 2956 14550 11537 2425 5265 2131 11441 14653 4742 4347 1351 6409 8755 15528 9343 14588 11053 12548 7894 4756 14432 9225 5191 5509 6113 11802 11916 11780 1145 15889 3034 7480 14496 9843 13035 15455 14888 3908 6153 4480 11824 2134 3261 8261 2218 4344 5793 789 13369 15012 13821 11435 2902 3448 4570 6246 11872 3724 10132 8203 1356 9346 7131 7676 3946 14381 7529 8196 15634 14323 10042 7776 763 5876 12529 3170 4511 8682 1745 7198 14297 10078 10420 14650 13157 15106 10859 9837 6992 13721 9982 1763 14472 466 8356 13466 12392 14789 4321 12357 3032 12598 5080 895 8118 13196 177 12597 3982 6542 278 12365 9217 10816 7507 12715 302 2255 12661 9751 13103 311 905 9898 12184 2557 14002 14919 7087 12994 15470 2451 13423 1132 1923 12183 1547 7000 8832 15029 2976 3217 4440 684 13495 8910 13867 3696 1619 11319 6139 13331 2882 10983 13242 486 9612 2800 13718 12956 8875 4987 6492 12671 7567 7985 630 12724 8770 7837 12702 594 1209 13676 15036 5145 9487 6355 13335 11390 10823 11483 3295 2009 12659 114 531 10730 9784 15577 9101 13019 12076 3831 532 5204 13094 13920 3952 2099 13145 7609 8102 13454 4869 10928 2678 13260 547 10398 1668 6413 7462 11673 4841 10198 14162 13201 2473 542 14689 8705 5451 1742 5503 582 1776 6655 5013 282 4328 11754 10934 9151 10442 1058 497 15047 6312 494 7442 1000 2935 2309 9525 12558 6940 5624 4270 3759 5697 3145 8566 1475 5831 1910 7630 8086 214 11354 13047 4810 10058 344 13649 8694 10990 635 5784 5630 11776 9627 15436 10406 422 6430 12769 10100 6849 7226 5238 6568 4743 8622 9875 11689 2896 14885 570 15994 3948 1962 11958 13395 8389 6682 6599 1588 6598 115 5945 13470 15939 4962 1369 5261 1500 60 5250 10728 1799 11404 15307 6506 4385 13743 11186 10493 14742 7342 7130 2580 12693 5234 11730 5906 15696 7 5151 4716 10144 2263 5317 7408 6832 15498 678 9702 5762 8226 540 2461 1715 11362 13696 8040 940 1270 4390 5273 5575 14217 3795 5494 3238 7923 73 10640 2575 15338 14332 9589 955 106 3636 7475 5453 12869 7663 14324 4695 11990 3114 7364 1623 3356 11939 4836 14482 14305 1143 8370 15539 1838 7028 11900 12290 5576 13488 4582 10178 13188 5764 2083 3864 11771 14910 14586 2210 6389 11437 15938 10243 4919 15292 11882 4096 14055 2013 9022 7121 1462 2997 10734 533 1880 502 5072 9614 2960 12316 12125 6557 8303 3063 1909 7576 9248 11562 3556 9313 7490 5763 1273 7765 12101 2159 2446 10725 2226 13595 129 2172 576 12153 14901 7305 15922 10345 11177 12484 3619 14416 3863 7949 5885 13999 4371 8909 6836 3437 6017 1184 10323 6520 11886 15381 8192 856 12847 6505 4306 1911 9839 5349 2459 12008 1388 13339 9264 3610 13611 11456 7802 10704 2961 11278 2192 2207 5537 9370 11967 9527 8287 14452 4568 10257 7643 8478 8073 8693 7359 1634 6705 11019 8440 9008 1933 794 10705 3761 10456 4418 2697 12879 1600 2371 3131 12049 14668 1010 13678 12916 2043 4122 8613 15374 902 7295 11892 2855 8596 14313 13661 8419 9505 816 11121 13420 11350 3599 12503 1565 8302 578 876 3880 10126 14086 13364 15164 9402 2427 3957 3800 2738 8823 2365 4308 559 7428 364 4406 14481 7699 12609 8464 3674 15512 10239 3939 14616 14676 820 5641 7246 7052 8654 4631 15284 8934 6558 9192 2517 5025 12100 3078 10362 3073 11677 2946 14050 15642 5981 15962 9207 3513 3338 4462 4313 12417 15805 5733 5344 7308 8772 357 6457 4894 11756 4139 8347 6351 11812 14385 2410 14508 536 9426 5163 11389 7856 3730 14809 14308 14734 7822 12013 11073 1758 3235 15553 9093 3762 5091 6019 15697 5947 6592 13150 8132 451 6848 1026 13060 6282 11166 6360 11478 9477 8634 13023 7984 12768 6843 12593 11821 10474 6927 6320 3810 11764 8902 696 4273 1265 7599 13492 7411 15089 3930 6786 9817 5074 12979 707 11583 14819 4677 9018 14872 10051 12460 6611 5407 4220 2571 14153 12606 8482 13765 6101 4443 7386 5125 7324 10736 896 13122 14997 9321 10902 2095 4893 198 12272 8555 11271 2145 6792 12958 934 705 14600 3671 8415 3427 13615 10683 4137 241 1181 6368 2406 371 550 14185 13197 1167 5041 10539 7759 11890 12036 3413 12859 1828 15393 4933 1973 8264 8945 15226 14421 1182 2964 7709 1319 709 12002 2808 1144 9416 14750 4494 6230 1347 14955 3894 6039 12062 2246 3565 1407 13189 14164 14233 6175 11642 8601 4766 6396 5459 1104 2024 14998 15806 9432 156 12583 1151 14029 12449 3214 10512 15986 8367 6233 11149 4496 14453 13397 12534 5968 13144 13708 15607 9454 5093 15092 4099 15388 14536 15566 7828 13344 9438 9924 9693 7229 6715 9460 8887 11274 15087 9783 14854 4176 3900 12066 2222 9849 13315 194 15829 8656 5008 1494 1670 3793 13724 6319 3246 10263 10473 4813 10386 12764 4669 10360 3350 3164 11150 5148 2751 13128 8144 4205 13211 1344 5512 7486 6041 15680 206 2245 13527 6648 3248 470 3428 13886 9691 14059 4454 7504 13992 1253 15616 487 15989 13616 13318 2213 4020 10234 9065 11063 12215 4918 12103 9494 13700 13728 44 11630 13683 4903 2752 15617 11629 8096 8628 5516 15534 11105 13807 13126 14927 5267 13804 8127 3181 5608 12285 10526 15093 11104 9105 14804 4684 14386 6650 10369 12177 5796 508 4172 822 6252 6138 10325 8084 5457 15019 4641 2287 4821 1481 7302 10053 13286 11789 2103 15298 1638 358 5738 15606 6877 13643 12221 2682 2798 13729 13352 12124 1772 14423 11773 12022 11492 15556 2812 1431 8071 9133 6649 7064 9906 15170 4305 699 9871 4222 15100 6997 5677 4232 10759 14920 5702 5010 565 2735 8717 3224 2478 12602 6808 14772 4414 10665 13130 10810 9073 10567 1516 15751 14312 11061 9209 4182 12723 12368 9365 5276 2583 11376 2579 12182 4239 7714 3512 15906 2656 15143 12560 14087 4304 9546 9354 2069 2965 15846 12496 8435 11716 12115 14226 8583 4115 8488 7117 15234 7287 15154 15264 10582 10212 7354 15853 8398 9010 2518 3349 10091 13363 13300 12250 5394 6281 5632 2047 13391 5116
Route 11: 9644 4786 13770 6337 9165 15794 7336 7227 13418 15088 14394 1536 11033 5797 14959 7089 15502 2303 9315 8550 13297 229 5507 1863 524 14205 4037 5855 1357 840 7187 1811 4289 14654 1732 6602 14810 7586 11417 5790 12489 10496 14776 6179 6983 7084 8429 13358 14999 10487 4853 13497 6999 13327 773 8689 12884 10107 5626 1301 13782 14014 411 7937 1813 4971 2156 9422 13642 6071 14625 2822 11699 6223 13964 5237 11369 10538 15353 4141 2233 15990 14857 10626 9287 1946 12830 10262 3875 8990 8321 2804 6249 14886 10272 4007 12309 9063 87 6633 12522 7505 5648 10729 8024 13630 2958 13671 1676 7671 5300 10281 13027 7129 8553 4847 397 14409 15837 4778 14056 15608 8511 882 9377 12090 2174 10830 9617 5743 12783 12333 6329 11323 11666 11863 6943 12833 8108 12706 15302 11185 52 15855 6900 12504 8827 3960 2912 12812 13033 4687 4895 5211 8233 11445 9 2407 9038 15963 3419 11622 6489 14450 7185 2566 14318 10703 7164 6939 14652 9717 13955 8124 15781 653 13608 12136 838 6486 8724 7678 1640 14682 12206 4198 4956 6741 800 4470 12719 14240 2002 14968 1908 3272 2062 781 6124 7945 15497 3876 13365 12605 504 6094 924 1709 1418 5700 6948 7124 7659 15878 5358 10491 974 13390 9682 13666 12081 8466 13660 14791 14723 5444 14128 6458 11262 3039 12878 4597 1697 11881 1396 5296 8781 15941 12104 4574 7745 7419 2288 10152 564 8699 10945 695 14937 14012 12378 12092 15792 13862 1840 8973 11164 9940 2399 1741 14131 4579 6672 642 7253 9128 476 14434 14694 7572 7126 13234 10918 3352 13228 13029 9197 4275 11947 2603 7390 7808 14932 13062 1296 3418 2170 12161 10641 3438 5574 3585 14614 2762 8600 7294 11183 13007 14127 4384 4333 9036 4643 4654 2022 7423 436 9593 11520 8326 923 12401 10651 10587 727 5927 5108 6763 1304 3836 15051 7063 13208 1195 5142 8526 9224 3398 14293 3660 13317 13354 10786 1954 1240 4883 14547 13006 4167 15099 2936 5137 9631 15363 13668 10832 8187 8586 1019 6730 6468 13174 1524 11094 11792 5941 196 2436 8584 8692 11513 4577 9447 5122 13567 596 2837 6929 5124 6438 13481 14883 1175 14487 6509 3485 2842 12511 5900 12319 13509 3158 12067 2225 9646 8297 10115 1958 10164 6036 15014 13937 6043 5532 4024 3152 3662 12574 6362 5256 12441 433 14410 3841 8688 315 8458 8744 11252 4659 13288 14445 12001 11998 3687 14868 10207 5169 6577 8165 13203 811 1216 6119 11894 12294 6461 8669 7225 11899 4495 2736 15098 5323 14915 14006 475 10917 11446 8119 14222 12196 14896 15689 10518 1158 587 15054 8765 332 5178 2415 6379 12133 7387 11684 6981 14310 3106 7282 6184 6198 3551 10875 3506 8650 9450 6264 4731 15969 3280 2509 13291 4087 6867 12037 15337 14762 1680 1313 10110 12624 116 9015 10255 13213 8752 5279 14393 10332 5004 7668 13187 14860 5207 3560 3677 15950 9376 11526 9072 15412 13684 6733 197 3904 7136 1134 15075 7717 6926 8401 6014 1896 8012 6959 5602 12832 1115 10346 4660 1746 14684 10432 9261 15458 5903 13698 9667 546 8177 15491 11480 6685 13384 2070 8532 3097 15890 4881 7268 10279 5038 14414 5302 9259 5928 13175 1160 5597 10302 7784 2360 1085 526 6477 9108 7862 7883 13562 10821 2898 6459 2881 4317 3692 13987 225 15065 246 11273 4861 15225 14894 10514 8794 4482 11021 12634 15085 11321 4378 1595 2984 6169 5099 8757 6960 4665 2281 14970 11236 11067 5277 12200 13689 249 6615 5717 9774 3518 109 4375 2449 4931 5224 2803 5181 4953 7781 5835 9553 3819 9567 5554 5423 1930 12750 13572 6980 3723 8019 9082 2926 13011 10030 4805 12789 899 14449 4663 11 2683 8542 752 13250 10134 867 12996 13692 12747 6573 15044 991 1526 7689 11037 10735 15127 6307 14200 1102 8057 6790 4492 6297 3020 1868 9305 1072 11245 203 10109 7694 5467 12819 12166 4181 3966 5719 8449 4950 7887 14033 3271 1415 3429 5462 2055 563 10312 12636 10714 6703 14503 6247 127 783 6564 7708 4797 926 3469 1722 13816 7420 12862 2150 11425 2042 408 14624 11192 11240 10854 13178 5424 12528 5429 13847 8237 8307 4281 1829 1883 6475 8404 6501 14504 6722 54 15692 2954 4878 15798 10517 4161 5339 13155 6681 12058 14004 12498 3151 8805 5064 7842 9148 1247 11849 8645 12643 9390 3491 14952 9937 2922 2143 1097 9255 6889 2354 8776 10716 7291 3123 14613 5604 14836 11901 830 15620 11087 1605 1768 13030 7638 621 10742 15560 2758 9117 1200 11898 962 4089 11770 3963 15147 12110 15879 12854 2891 7062 6345 12201 13619 10956 10441 2452 12318 8567 8842 7600 11923 5707 6286 9622 6471 6382 8625 7752 11810 9114 10834 11978 55 9074 11333 6910 2879 5819 8296 50 4476 1322 9918 921 7332 8003 780 4147 12088 14799 12759 15074 2996 4486 8479 4649 11223 2689 12020 4771 849 3094 8223 4377 13100 598 11762 9049 5514 11391 255 10259 3027 3289 11577 6192 7858 5896 8094 15770 6348 3199 13076 7218 10781 10774 14905 4816 5685 15714 3829 8309 4473 4400 3173 3410 5442 1371 14548 5805 4718 11800 3570 12845 13320 8490 12356 2404 7670 5651 2843 7083 7594 10185 5291 10338 11539 12191 12323 5901 6168 8936 7046 2080 5847 3430 5272 13118 7698 2519 7763 12733 5024 2659 14626 3339 104 15027 12434 9442 10403 2072 13271 1666 13463 5924 10966 7764 4620 3974 2993 13669 14241 15281 11864 3746 2235 250 8627 3380 5106 12517 9342 8447 7884 4783 2107 2844 15361 1815 7750 11925 14950 3867 14863 8230 13982 4367 14287 2981 53 9373 12613 12610 2163 1091 3409 10744 5758 2409 15672 13016 8820 14869 4596 10236 388 14909 4525 3113 12108 11474 6919 10840 11312 15704 1583 15662 12779 10394 10760 15397 6444 5464 8769 12857 4356 4295 8905 5936 11165 4101 15703 5943 10548 312 7231 1419 9888 14168 5931 6523 6950 11517 8565 8951 7443 8716 7417 12223 13876 14350 9944 15406 12648 9378 3639 1874 15715 9820 1122 14203 14744 5485 8097 2565 12119 5792 448 9113 3802 5247 6783 13215 14803 14695 13089 7680 4048 7559 13880 15825 5248 9838 6204 6336 4374 3827 8105 5517 8444 12893 5913 7270 9579 4265 9633 2927 11934 3986 6220 8122 11147 2567 11299 5085 6514 9683 3791 10081 12189 1997 1266 1926 6539 3066 1835 12714 11442 14609 15981 13719 7906 4655 11459 190 7629 13516 15808 13217 2021 15859 2550 7155 4973 9531 8271 8332 4241 3335 7550 3305 14570 9218 1172 11506 4864 5130 5468 903 1457 5355 9168 12710 15210 3239 3667 2301 5535 2201 10009 13680 11447 5473 7881 14513 4327 13193 4784 7626 15254 10802 15262 15415 1384 9785 5044 10666 1860 5441 7947 6963 1769 2084 7489 4781 464 11726 5104 9290 6097 11690 3201 11679 8577 4546 12370 14269 6448 10385 8522 8813 7134 1700 11672 4940 4952 13165 1226 4341 717 15213 13531 15396 12892 1935 3369 8777 8395 12618 2333 9154 11790 6819 2633 15079 3127 9733 6002 807 9423 15693 1902 326 14964 10888
Route 12: 15048 8210 4079 4259 11198 525 5519 9951 15477 14779 1179 12591 13338 5409 13580 2636 4274 14264 7217 9938 12539 12038 15448 7691 8382 5184 9985 12800 13976 12645 373 4723 7202 14610 14874 13714 10572 9356 9641 710 8995 11611 8253 14712 647 2330 4519 4195 10206 11879 5471 8867 8980 2454 5043 13052 7976 15220 4250 8671 6400 13836 12360 1846 2853 14958 4130 4227 14899 7142 13294 9369 3139 15935 7993 10032 4553 4502 4693 4442 14104 3213 1897 1221 5723 3376 12655 7022 9470 10530 3392 3059 11368 9124 14517 9350 8684 11440 2948 8549 12824 7996 9341 14315 12944 15545 9089 4845 7632 6924 14749 11348 15600 15222 4146 14802 15633 14135 11326 1632 12256 9608 15507 9806 15964 15055 9580 14322 10155 8672 7494 12331 10166 6630 4628 3983 4590 6951 13050 8044 12145 347 3860 9507 14199 11814 1450 4272 4164 10794 11206 2214 4873 766 887 11531 14642 4820 5282 13542 12468 8282 12258 14176 14499 6488 4737 2267 5040 2820 6062 9330 1975 1358 7832 15275 295 10924 5239 5478 2530 12936 3221 7048 15664 11930 8358 83 15907 3702 14783 12059 353 14311 14116 3033 6636 13483 5264 12422 1329 8597 1919 606 15303 8697 11848 10414 5620 6629 599 1400 12212 7958 3683 5218 4850 8958 14583 3470 12388 2066 14398 9029 14433 9911 11136 12164 13549 4879 10682 3783 9894 3074 9563 15020 15162 14709 6985 5965 9102 14985 15564 15508 12162 11558 8987 15311 7042 687 8487 8232 14590 5159 5255 8683 14941 15173 1801 13903 4085 4555 2403 12231 11325 11470 10075 5431 14017 3489 7827 3879 1603 6934 6971 8245 15426 10795 4538 13868 1230 14228 5458 9543 7137 6881 12672 7532 7902 7652 4207 11284 5419 10586 15920 9241 5912 8888 5938 11823 11637 13328 10940 7413 4982 12700 13802 8491 5551 5994 1466 154 14833 7729 8993 10348 8639 10242 11877 6308 6048 15368 4453 12402 721 9818 5801 5404 9512 15557 6785 12545 9716 4318 11428 6606 15252 6743 7086 5449 1873 4717 7389 10982 9772 11846 10936 9808 14109 8965 5322 15035 7565 7453 14775 4791 13381 9231 4900 1539 2197 7692 3924 792 15490 13071 2727 15712 4739 771 12752 1978 12971 2430 11678 3163 6887 3528 7477 3144 15953 11085 1483 2819 9987 6871 2387 11586 989 8290 9878 7214 10188 5920 5584 9490 12063 4688 6045 2039 3626 6830 11574 12171 10981 10610 4924 744 11954 1112 3089 10568 8863 6549 9731 9564 10949 798 3457 3539 11659 10738 6544 10021 5476 10851 2817 2549 2318 14408 12315 11959 8418 12295 6354 9023 2334 10965 3710 737 1098 3479 1928 3745 5275 9371 13231 14038 11924 13218 15800 8930 3355 847 2802 15842 2867 4600 10597 806 3253 1644 6493 3615 12234 7059 14745 5438 15232 14655 702 15655 11174 1515 5586 2587 3888 15116 2985 3706 7310 15992 4526 12082 1331 15187 4908 15965 13407 6800 6012 6472 13138 12327 6446 15524 11020 12248 10809 14828 11634 144 9146 8312 10619 1721 4018 14032 13067 12622 5688 7672 11851 11970 12367 8803 2346 3852 3318 9884 3705 10938 10118 11554 11313 13521 4284 4887 9339 1348 929 4350 14591 7347 2535 4575 8749 8441 5712 1887 10886 1687 6829 2933 11858 7560 4710 7284 1934 2003 15955 12174 12138 2759 13151 5668 6670 7051 389 6651 10758 7404 11342 5177 11257 13594 15118 14476 4075 13785 15881 458 8859 5754 9084 8474 5611 6652 15465 11049 10803 10783 2294 10167 3941 4163 4865 8865 14309 1214 11111 3264 9750 4583 14209 2914 2426 11876 14361 6024 7223 5128 9935 1956 12721 6725 3085 10726 969 12555 9035 7836 15554 3137 4775 12734 14720 14987 14800 13592 1546 11587 6747 12197 2510 15056 3758 1363 3257 7980 7669 10138 14369 64 11841 1447 15132 7092 6817 1617 12683 3559 15119 12601 11129 13952 1939 2827 4840 8595 4758 9769 1610 13185 10038 11896 12650 3691 6151 12948 6292 7930 11169 3985 2665 4279 1372 6885 5194 12935 2422 6136 3774 1622 5375 4497 13159 6025 5258 8766 7266 11161 15042 8745 15157 7950 9687 2865 15848 4487 11433 14314 2419 4614 2101 7470 7112 3956 13337 11708 8465 1944 3004 301 5958 10557 7751 9479 10410 6030 13158 310 915 10026 15590 9280 6484 3160 6053 15259 14373 13135 12312 2805 14574 14048 5714 11497 801 2821 3416 11602 3182 2773 14599 11760 6788 4395 4219 10443 15814 2094 10495 426 10108 6589 13400 4102 13590 13090 1613 1114 3943 4224 11384 3523 5911 10806 15050 3809 13154 13330 2806 9077 1968 15789 1608 8746 7093 12685 9721 4937 12313 2181 12473 2772 13003 15517 5730 12573 12252 1261 13688 11229 7422 15096 826 4675 5096 5671 5500 4897 13887 9793 6228 14605 7732 2035 9480 4298 15580 9182 3010 2904 13942 9405 12808 10751 3729 8632 471 381 3566 15627 15271 3975 8136 11604 12757 7863 14569 11817 453 11567 12352 6316 2154 4972 13520 6164 10576 6553 13871 4874 4700 6596 3444 14630 14669 5285 3564 15923 14747 9844 3149 8880 14336 14928 15722 5422 3838 14337 7690 2295 10248 2780 8079 3103 12424 8228 4143 145 13742 477 2125 5415 3415 4606 4863 11482 14946 13371 13764 15333 1237 15364 8962 7611 9481 1525 14294 8059 15866 7986 80 13969 754 12871 8325 4854 13704 813 8946 14415 11095 8190 10561 15705 13164 2129 14462 11379 13737 9051 12394 4572 3978 9167 6197 12291 13822 7325 1264 13722 2494 8500 15181 9476 9695 6386 8570 12697 13814 14276 11079 15078 14967 14011 15370 8098 1211 8768 7220 7500 12966 8604 15032 3471 2195 720 13726 8199 7469 13467 14507 13948 6423 1626 5001 5213 9188 12914 5925 2229 1842 2709 8058 14718 2906 4044 8115 5726 672 1395 7061 5425 1724 3252 3169 8896 4464 2873 15685 4764 7069 8087 14427 11004 2556 10883 14995 2412 5550 11202 9164 10003 11685 8107 8 1193 4409 13641 10436 7283 6858 12906 8180 13929 9140 14368 11096 88 5018 15405 10550 3884 15377 2253 7756 1849 11394 7036 11612 1564 5048 859 5893 8675 12957 1420 2198 6955 2179 1309 1647 10535 5233 7458 3931 8852 4282 4721 345 11025 6637 15190 13927 7206 2790 10660 8145 9958 878 10433 1940 5212 12257 7078 11981 3263 13413 15504 13351 2944 15629 15526 6561 14251 9069 220 1573 8317 3725 10011 6342 2018 4736 4194 14438 10506 7788 2382 8785 1391 2209 5949 8922 8313 252 6106 13314 11026 11781 11722 12170 9743 91 2305 4015 805 7349 11791 13221 2563 5446 11822 4111 4338 6998 14889 7340 6773 1469 12084 14567 15066 4734 11933 13223 3121 11234 4159 15943 15919 7912 13091 2850 12043 13753 4416 12523 14285 15957 7016 15006 180 6322 11344 3031 15189 15335 1665 555 11055 13731 7027 509 2784 3620 1497 10395 8585 13588 11476 7627 9452 5658 8611 9619 7303 15194 9561 9129 5428 2911 11941 5544 9495 9749 4094 3228 3509 5672 2068 13766 4834 6123 665 4862 4035 4330 9449 4477 7997 2764 4691 3641 2916 1947 9851 12353 2118 13237 12326 667 13947 1642 7933 5061 11797 3095 7360 10221 2951 1884 9060 13576 2193 12627 8610
Route 13: 5253 11625 6588 4117 478 2601 13967 15245 11803 15999 13890 6127 12616 5313 14812 2356 2915 1382 10915 2372 5634 2355 7230 4280 3223 714 13429 9263 4699 13265 1970 4162 2008 12557 4423 9274 14698 4801 15444 8262 2432 1022 99 3703 11647 7244 7702 2686 995 5972 7377 2274 5984 12543 3557 4644 9841 13032 13136 3204 13585 14084 4417 8371 1403 13048 3527 6462 4598 9934 4524 1740 4727 6350 10996 13206 2418 8089 7742 1749 1451 9915 11335 3361 13855 12336 15927 12116 14936 6814 12454 627 2554 7666 1567 3345 11529 9923 2983 4268 5921 6356 15196 11176 10397 6751 12232 5411 15321 6000 2990 3970 1063 5818 8227 1454 3804 3685 15802 8000 11291 7380 13554 10678 6434 4774 13744 5412 14331 14163 2835 7311 8812 11977 13177 6761 11231 8231 1285 1138 1531 9240 1877 12838 2041 9318 412 8552 6404 11355 3877 4448 560 3341 11017 6206 14923 4055 8207 15513 6987 5734 3584 12004 10421 8659 3112 7144 9177 9155 15209 2211 183 4803 8300 2462 1817 14555 15185 13441 824 4554 8644 15961 2350 10575 1672 5617 7238 10244 413 15783 13087 9385 2868 12335 3446 8539 10767 14939 958 12265 2829 7173 3496 5845 10967 554 1345 10182 11490 12051 11124 3861 69 5198 931 7334 6353 9534 113 11964 9493 15562 15142 10892 7065 5379 2349 3128 12554 4307 3450 15761 8914 11315 7007 8286 5777 8414 12210 13799 7197 459 12933 9578 2212 13432 5748 2972 1333 3670 14457 7135 7683 493 692 13212 8361 14974 4629 5585 3552 11606 7904 1031 6876 10747 10927 2715 7109 13534 5190 1386 7264 3743 12386 2106 6931 6437 9950 2448 10900 13858 10662 11329 2379 5354 9413 13543 7522 10208 15064 10277 10068 7718 6105 15790 5863 7815 10413 14095 6059 4906 844 1571 7335 1053 9834 3230 11431 8872 5538 5107 2336 11023 8964 2476 7191 7592 13545 10528 1914 11613 5681 3589 2004 12375 6371 12550 12242 9736 13758 12513 11041 10291 4690 9271 9976 8868 12544 15402 15972 9658 15885 15168 1762 8928 15424 14053 8626 9602 3747 12780 15652 14439 8661 14419 12432 7872 12274 9568 15456 15858 14880 2093 13149 13141 15328 3081 8707 7554 6724 11608 1657 10488 4262 2742 11550 479 6952 9221 11806 10193 4923 8416 8238 3373 6304 3088 8966 15636 11524 9759 6326 11380 14151 3288 6077 8658 1108 5479 9204 12978 5287 10292 5823 15775 11987 14299 9522 10867 15331 12107 11889 6500 12005 14255 14295 10574 5131 3475 12408 13096 8700 233 4345 15813 9738 7097 8301 8480 6676 14677 2045 1424 12144 5026 15228 4768 6283 12796 3347 1338 1432 15011 12585 1830 7009 5873 9298 4776 11523 9375 4105 13275 6616 5523 14388 14363 2259 6115 12263 713 10653 5511 1699 13204 3365 14040 6100 3478 2398 2814 14102 2239 15422 13559 7216 3212 14218 6208 4077 3536 146 10431 14852 1456 14306 5859 4747 10679 11383 5295 13068 2444 7782 10655 3372 13824 11170 8291 14139 7849 8618 3644 1186 12055 3849 13471 9552 9847 12381 4017 8968 5249 3282 7547 14897 15379 15386 10363 8053 8972 2527 8856 15549 10923 13778 1711 12283 9655 6224 4503 13496 8467 10165 15290 10171 3490 7289 14934 5858 14641 6166 9048 4169 3284 6865 1804 15623 8603 14236 15107 7907 6995 8809 12670 8212 6660 51 2664 10 13266 12741 12875 12372 3543 3036 5493 9791 12152 13792 11475 8939 15063 2124 4927 7369 7754 14245 8524 10054 1943 14620 10120 12456 13249 5708 6820 2187 1021 14296 15145 873 1548 9019 1077 11788 4221 2428 8579 5288 1161 1522 15522 13478 1629 13415 15265 5015 8885 1864 9729 14338 7800 14446 11616 5391 12711 7735 10513 15263 13795 10048 10904 11056 9242 1259 15750 618 13500 15644 9362 6341 4800 662 4244 6662 6515 9293 5694 14234 15205 12899 6953 1587 7931 11071 11953 14664 3029 11458 12924 12698 10137 13841 9845 14396 14074 4392 14793 14796 12974 15362 3025 5518 140 11468 14490 5922 3577 9624 11092 13235 12784 14491 15103 10437 5851 5902 3379 1389 15301 7058 13428 6772 14929 15898 13458 13013 11117 9136 5443 688 9799 15440 4681 935 6628 13239 13439 11860 8559 4256 13679 11292 13383 8786 3751 4594 14010 9227 3421 14820 8386 15394 4996 9144 2634 9193 5346 13583 14238 6882 15762 7726 15172 9822 6647 4668 8218 2734 12428 4757 10796 2286 13461 3997 14944 10670 1798 4793 488 1751 11507 3120 2391 2726 11237 6107 4983 482 14166 6691 7182 14805 15603 7515 1127 5117 13914 14405 8117 6232 15741 5705 5556 8308 8448 2317 9189 3304 14811 9388 13966 14678 4388 11051 14871 657 15651 2376 4337 10914 15136 918 8505 5645 5776 7534 8818 1780 1790 5822 5251 14485 825 15058 8405 9975 1249 14043 4814 7496 6325 4025 7493 12292 3805 15546 12279 3344 5308 14190 14996 5937 12865 4363 14904 4389 10876 10151 3988 11495 9410 5319 12743 11932 93 604 1392 15796 14250 9363 14345 12801 6015 2670 15959 226 10826 1728 5662 1190 11883 15091 4157 13263 3658 4339 12844 6826 10932 7953 4352 3336 4485 4856 8680 6755 23 8734 13716 8387 10978 3308 13004 2807 10237 5504 9143 1755 12970 8437 10745 8014 14662 1078 6579 5867 7110 3007 121 9945 9228 1866 7919 12411 10968 1146 8381 15317 15932 6857 4116 4323 4475 8365 11077 650 11661 4534 3558 14193 1611 6624 13600 14358 14256 15365 7181 12178 7951 9782 4343 9195 2711 15826 9301 10865 12493 2149 10957 2220 10354 10860 6508 938 8984 6812 11040 2469 11956 10862 3071 6141 10638 3675 13248 3099 11197 14715 6440 656 2698 11582 7878 14992 14175 982 12619 8077 3538 8709 5050 7634 14657 2147 9057 10319 222 5555 7712 6331 4658 2030 2645 9939 6205 5643 14436 3914 6277 8324 15640 13427 2390 947 12175 8988 2504 7562 2745 271 3987 11188 1922 10274 13524 7138 11674 12969 2672 14140 14130 1577 11702 13892 4201 6623 9545 837 15499 2381 2739 4311 4150 8702 7610 12542 10177 1826 3769 5829 13080 3857 15156 18 10521 1375 5000 8388 1149 12330 6293 11307 9745 10668 8010 11620 2038 1105 14347 8311 15197 11902 8718 4438 101 6984 107 12054 4610 14502 12023 9233 9191 13179 14514 14531 14841 3389 10445 5810 2600 7679 8858 5652 538 584 8690 382 15700 12083 14714 4113 8164 3814 12390 2393 11974 8175 3309 2724 9850 12876 31 7184 14474 4720 861 11260 7314 6211 13267 10464 4646 12384 8748 14835 15643 3796 10700 15464 15980 13010 15873 7934 157 8844 4218 5890 517 2153 15305 2299 11434 9399 14890 5047 5377 7561 7362 15847 5594 11962 1767 7661 7201 5006 2833 15177 10142 12053 9960 3484 3765 1103 15666 12421 11122 469 14891 11091 14344 1698 13945 12755 6212 1734 14693 11759 7163 2322 953 3244 8561 4420 12091 13490 5380 10732 3981 7964 9445 9707 1436 108 13120 10869 9319 7019 5309 15072 8678 11533 8048 5316 6140 9547 1487 5033 6686 4949 6749 9741 8372 5227 4547 8801 4678 3738 8664 12273 12600 6083 11961 4811 9206 15621 10353 4126 6125 4770 14978 15052 4945 6901 13941
Route 14: 2623 7304 5469 34 10565 7049 6729 1118 9948 2113 11837 2921 8217 9017 7517 10695 13553 8368 2907 14113 9331 8269 10214 5884 15073 14348 1252 3949 2282 11300 2067 916 2339 2105 9091 15713 785 9868 14597 15274 1245 963 5832 1377 10187 12786 14383 1366 6455 12348 7258 10031 10926 3061 2619 9746 10458 9594 2722 5657 7549 9969 9609 778 12809 11288 8733 10351 3715 4028 13216 9474 6513 3122 15900 6401 973 1599 3897 4991 1979 15385 6674 10753 4357 9872 14288 13670 10430 7988 10536 444 7820 14512 15940 12278 4483 13431 874 3821 1581 15771 71 8955 6481 3005 3209 13123 14064 330 14124 1738 14782 2279 1621 11779 2183 2815 6554 15462 14954 11347 13024 15023 13632 13168 2092 5499 6954 562 10894 9152 5745 5848 6619 1472 13376 15609 12437 350 7513 4084 8299 15207 8517 10184 9865 7818 10065 12163 11241 15612 9916 8022 15280 3623 3026 8030 2708 6917 1609 4292 10453 1585 15594 12642 14125 1202 1244 3016 1225 6087 11436 4533 8023 12444 14266 7681 10870 15845 2542 15587 12695 549 6762 14210 10124 12578 14194 1532 4974 668 3147 8743 7242 15658 2126 11226 98 15831 15067 5315 12169 6482 12478 6892 14157 7722 3866 9364 8722 7149 12928 12419 2703 2332 8563 6856 6547 1528 12025 6906 7770 523 6261 8569 13752 1048 10270 6186 8756 3273 9463 3171 14716 13603 7150 7913 3590 6748 6086 1601 9153 9097 9988 11942 7861 12635 2643 14949 725 97 11232 8243 12354 9006 10605 15304 3616 10901 2196 2695 2705 10661 11979 9811 10939 7485 8031 7543 12795 7604 5731 14259 1166 2783 6315 11054 7276 9163 6986 10896 8252 4466 6174 1433 4072 8343 3753 2136 2078 6478 15679 3984 4581 1650 3755 14354 14938 8714 2917 14115 1482 6721 13285 6837 14981 7682 14070 5786 1637 434 4612 9398 4467 12880 5497 9451 9853 4064 8536 9826 15039 15591 3851 5775 9180 3065 5097 10405 12632 3317 4565 14825 1215 11991 12147 6240 5655 7879 5982 14579 14009 13959 8708 12120 10634 10872 3630 12129 8364 644 14231 10059 14632 9523 5774 7851 12347 1326 8111 15739 1990 5140 8816 11253 13788 2781 7974 10852 8538 11915 5045 11772 4004 10777 5670 4822 4049 11014 8513 5153 15708 6528 1039 10074 4290 12307 5546 6641 14182 10293 12481 14522 9203 1779 8206 8240 5588 3776 6693 7589 5646 7519 1662 9941 12559 8802 4744 7874 15578 2395 11575 9626 13584 15626 7868 6634 15773 5200 13111 6643 6970 15003 7106 3053 7983 552 3208 6902 13173 4979 11098 11432 3408 4286 6364 15527 13905 10299 15224 13230 7323 4712 9704 14110 12885 6442 13472 7766 8731 6465 5552 782 4765 3461 6080 7574 10630 2186 7909 4057 13896 4329 9823 8445 4653 8691 14688 12351 3992 8679 4082 4456 380 2515 12048 9372 3923 6226 5119 2760 13943 9804 14103 14208 6710 7728 10789 14397 4237 2445 14183 15057 3993 8126 11875 6893 2000 409 9867 7385 11815 8602 2721 10297 6189 9297 15129 12349 9967 11419 7403 9559 340 5964 8533 13614 386 7927 6617 1178 7876 6831 7510 5791 12890 9079 215 15665 3054 10020 500 2320 1957 2169 13192 9672 13073 7772 3909 7665 10595 5135 8750 14456 13340 12286 7060 15021 631 15877 3684 8506 5335 7054 9441 14137 12233 2019 4005 6932 2642 10217 3494 15489 9066 14028 8992 7461 14877 3596 147 6945 285 3052 10822 13621 8642 2238 5298 11249 7298 15360 2945 187 12952 9139 1606 8673 2117 1636 3348 13996 10689 1951 2761 14692 15518 6352 13596 8436 1836 2662 600 2777 14460 8518 7228 3845 6680 680 8704 5152 14030 13939 120 8298 13468 3848 7498 12866 6745 6234 9489 8510 10378 1308 9992 1479 3697 1523 8446 174 6654 2692 6689 6570 6645 7128 8026 11275 14520 7773 8938 9919 9532 9970 4223 7013 6397 14301 7747 12405 13473 760 8451 11485 2284 1361 7454 6324 11926 8149 3439 14061 2057 117 7526 12798 1437 15258 4857 15530 14058 588 6137 10012 5073 15521 5725 13489 2771 3249 7259 15838 5883 9735 14703 2006 11910 7746 10593 11135 15339 8054 5031 972 15400 7647 7804 10085 14867 6966 812 1443 11854 14284 6154 12486 5037 8495 12154 12553 637 12369 5854 4391 2741 2522 5923 15573 1505 14878 15306 3707 13912 2394 4777 13977 9230 5839 9597 7370 5023 10015 4114 15267 5560 12541 7157 10303 9150 12030 13839 10584 5245 10564 13119 9859 12134 7929 14399 8001 12577 6069 4449 14065 12799 14351 5778 20 3301 3971 13075 2952 6661 15711 2203 8760 9708 7992 14767 11487 7606 4642 1417 2871 12687 3720 14467 2782 8323 6049 5325 10461 8452 3195 1135 14818 11401 4342 8581 9870 8706 12431 1157 8330 13172 2864 7761 5003 1950 2413 3856 8305 5665 14541 4896 6157 1381 10128 5056 10756 11396 5028 5482 5637 11807 8397 5545 8630 11127 2720 6003 8392 6047 13757 15552 15795 5990 11671 8782 14177 5919 1848 3401 3023 14755 8662 15988 9386 1706 14643 7639 7445 3177 9360 13095 12035 3229 368 13933 15373 6381 9237 313 5244 12280 10061 4510 2661 4197 10372 1999 12130 848 2257 8318 4170 5392 14026 1310 7243 13433 8274 7944 5788 11068 15141 9873 2031 15474 9121 15635 9127 1440 13247 5113 2491 13556 9959 4351 4599 6162 5946 14757 13334 503 5567 3057 2978 1471 12678 9664 6787 11060 4335 5534 6377 5837 10603 10079 10835 11865 7798 9508 1812 2001 3198 8531 9930 10671 1653 13790 9997 5342 9468 15171 9347 6989 1290 8200 7673 7981 5975 12450 6269 3009 11439 4119 9920 6390 10387 6072 4617 1878 8428 148 11388 7873 450 12955 11904 12599 2756 1649 15622 9087 14229 14252 7956 6027 9713 11676 9827 13777 3735 5952 8975 6121 160 14101 4635 2675 5049 9805 13005 11727 700 12561 5149 383 9754 9498 14815 10763 12881 3578 11276 2037 3649 3973 5548 12963 7115 10690 12638 12137 4963 3504 6018 1705 3533 7162 10276 3752 11884 1062 11140 15160 2298 4696 7512 8051 706 15977 12044 1016 3141 6996 9766 927 8135 11194 484 15883 5679 10970 2980 6090 4435 13755 14903 10160 6132 2732 5328 10708 1669 12447 13227 2166 13451 799 5721 14765 2714 6797 10489 12156 11448 4909 6188 851 2467 10055 843 15060 4432 13565 7030 10899 13113 1461 10396 3359 1325 12849 12649 1076 15515 14898 2823 1150 12848 10025 3832 875 14743 13677 59 7055 4796 12204 4215 14372 5269 8229 12127 5063 6519 5141 7875 1820 13222 15870 9883 8592 10752 1480 10318 13548 1786 13882 13620 10170 8720 13412 10674 13436 6374 11303 7970 9904 5235 4686 13665 5803 11103 13262 14216 13501 14013 12105 13970 8546 4046 13325 291 5027 7357 1579 10261 355 12821 11862 3550 2730 12217 2386 4501 12239 761 10743 349 5370 13925 3227 67 5508 10588 15915 5663 9428 1561 13849 2979 4915 4661 4603 6259 2488 5744 2414 11888 5042 13894 6961 12841 1406 9807 12142 1942 528 3618 12413 9694 12987 2539 11494 4685 11277 2492 2998 3495 5607 2369 5635 7452 6474 8116 7597 804 9279 7471 9340 4640 6935 6332
Route 15: 6511 13373 2059 1305 14003 27 14917 12339 13935 14926 7796 13476 711 7896 10974 1094 2552 842 8969 15551 14576 8833 2779 2429 2558 10240 6757 8523 11868 5591 1438 1981 11413 10733 11302 4584 13146 9345 9699 11145 7688 10329 6380 9675 663 4591 12930 5732 8499 1984 363 13063 15583 3898 4795 8463 15366 4253 6417 8292 4939 15428 14085 6913 4257 8530 5147 13715 11597 5071 10084 1321 15749 3241 9252 2050 13282 4542 7577 11074 11066 4604 11208 8450 4373 13908 449 11420 6298 13975 8244 8954 14701 15574 7753 8460 6658 13624 4331 7921 8787 12976 3788 10227 3947 1916 12712 10787 4039 9312 2431 1343 14480 12662 2769 11918 5840 11403 14577 15804 6051 10280 10056 4104 8314 9812 1394 6155 9458 5263 9596 2839 15646 11669 474 3954 13116 15175 7760 11125 5563 15843 15746 7631 12416 3529 7367 7838 3136 11515 4802 9724 14564 5182 13750 3423 8342 4187 13857 3069 5118 9161 7466 10647 15735 10017 1658 9703 7189 9790 3320 5895 13610 15076 11454 4751 4179 2231 11895 1508 15273 274 9083 5999 5450 13484 6419 11519 14505 4779 9595 11734 11407 8038 6182 5691 15767 928 1311 14243 4707 4174 419 3514 14913 5486 3058 1038 693 1823 5418 577 3871 5133 4235 9503 10828 7501 8918 4944 10287 4541 7391 5361 15852 15893 3062 12765 11100 10106 7237 13448 5262 11005 8665 12007 5357 8509 3732 14118 15807 8266 6295 2276 5870 14667 12742 15223 11755 13416 10608 14866 13846 13533 2641 15628 11805 5154 1535 12590 217 7806 7767 912 5220 56 12959 9213 3178 6732 7506 13618 5321 6796 5813 7855 9485 6805 8459 8043 11072 14206 9173 11343 11357 7177 1043 14947 9676 10762 954 4097 4955 13685 7373 14795 2368 10890 13709 12873 7381 715 13934 946 6288 5528 9412 14451 7331 10780 6099 14320 3980 13009 2472 14015 12571 5408 15756 8083 8399 10355 9618 9639 7152 1185 836 13930 12775 14558 14534 4372 10807 13530 14196 13853 11532 2690 10344 10696 13809 5935 5599 14178 1514 9046 15970 13893 2836 9698 5278 6076 1717 4296 2364 13045 15589 3602 9411 12727 10697 15484 5988 4833 14052 4806 8385 15683 4732 176 691 10997 8620 9544 15809 597 14861 7645 12713 9835 15819 12514 7073 13085 15165 6207 7492 9748 1033 1441 9033 7720 2256 8997 14533 5809 14976 9701 7845 5872 9761 10779 8562 7936 2918 4428 9654 8346 2994 13760 9991 14290 879 5781 3070 12998 5203 1641 3726 1837 12614 7409 10157 2060 1808 5963 11182 14822 7288 4676 5226 3215 9756 6507 13994 13065 11511 3824 3236 3268 9882 9469 2586 11272 11903 7315 12159 2458 2684 14674 5292 14067 7710 11349 3480 15015 3431 6314 2543 11493 11175 8070 5808 13399 9142 8222 6068 12322 9692 14197 9524 12190 3206 7954 6809 8254 5853 12580 9953 2503 14538 11638 6538 9013 11845 4403 5916 1566 14829 4790 2929 438 7797 3441 3714 5489 5929 9910 2497 8215 15638 8268 9980 15501 10613 12552 13990 4402 996 4200 13732 6610 401 7395 6627 4294 89 2825 7151 15146 2813 8194 5329 2512 9337 11943 10300 9803 9876 4132 1073 8994 2128 12988 3593 8088 9041 10596 1716 14728 10977 4711 10057 9757 5406 7029 8152 3950 5861 119 14827 1991 2920 14618 10964 6273 22 11641 1871 1133 1092 13253 8410 8725 14195 8090 10440 4156 6429 6884 14844 13207 14037 14129 14739 6656 1563 7943 2188 12669 3576 13981 5 1847 4907 8333 15788 9666 2608 12452 7686 9389 3990 833 9922 6449 10411 6695 9973 11516 8469 12604 7817 7748 2161 2938 12167 11034 675 11411 1478 8256 3396 11083 3265 7616 15987 14431 6794 3108 13438 5549 8512 13379 6914 872 10612 897 8739 11911 12520 6841 5780 11698 5980 10585 3150 3961 5455 9250 2754 8288 9931 1156 14463 13244 15976 11281 14506 9443 7811 2248 9605 10366 12507 7267 10976 14554 8838 178 9327 6032 14807 3699 12442 8091 14960 6667 6567 10508 5378 1752 15251 12109 15511 4248 14575 10285 12491 15699 11366 5932 1279 13823 2401 4885 11001 7353 6821 15423 3881 7241 3109 1464 15467 3918 14908 6485 4521 11728 15844 90 3847 4032 9569 1802 292 14382 14349 14359 7096 12017 6803 6663 6028 11251 6146 10993 2660 13659 8636 4975 6859 7762 9848 10401 4759 911 11297 10050 15186 15836 14729 8519 10673 7081 3741 15357 4038 11742 14855 1044 10776 14606 4052 11887 857 15204 7979 2450 2551 950 7624 15221 1513 15034 65 9141 6828 9052 14227 8854 460 164 8285 10266 11746 5299 4899 10391 7035 7603 14559 968 12968 7379 10925 5383 13269 9737 9685 12883 10897 9355 6777 9380 5728 5164 7520 1689 5439 33 1286 4848 14100 12268 7488 2696 7660 112 11681 15678 12304 3334 8726 3472 8923 8485 333 6219 5150 4838 6723 7114 7583 8375 296 8780 9361 3364 11099 12850 15876 3434 11651 15151 2592 15299 12623 4121 6218 11320 317 12398 5674 15293 3090 4926 11521 4247 2342 8879 12262 15586 6191 13648 6603 13566 10260 7169 14389 10123 12300 14096 11541 11113 11658 6117 13701 12241 1139 9456 4047 10540 12551 13866 12995 430 13219 8146 10649 431 11921 10459 9615 15122 9086 7368 8407 14619 15152 6822 1980 15821 4360 758 2127 10545 12773 7859 7119 7978 3467 275 2411 11088 7254 10792 9462 6196 7649 13863 5974 6842 12515 10224 6425 15300 551 6912 8548 10910 7541 15005 7871 2957 8151 11070 7085 1032 7899 3326 7338 2852 819 8110 2482 9397 12981 2950 6347 13512 4670 392 12207 11560 481 14154 13587 5757 14300 8963 2058 3771 171 15812 3422 7043 3742 5134 14787 11421 8931 12065 5143 8723 2249 14041 7571 1766 3093 750 7816 3727 14961 6697 8174 8815 5527 7449 4396 15892 10843 1765 13662 9836 11398 6494 1191 994 13844 15314 8394 8609 7271 1004 13538 11287 7478 14376 4934 12157 9223 831 7213 15588 14495 5421 8280 12688 3155 11527 11996 5474 2624 9679 3855 8468 11215 12932 3190 6846 10450 753 11553 11757 13292 12455 10811 13727 6696 10064 12984 983 15774 15520 14543 15453 8826 13182 12839 2074 8657 11050 9110 11230 1412 6318 4961 15255 10304 2327 13560 4233 1069 13888 3768 5865 8128 131 1003 6452 2380 14722 4430 8162 468 884 57 3775 15113 5590 585 3383 4234 2923 3728 14965 9062 7633 3998 9728 5772 15327 6521 2913 8877 9251 10523 1921 9234 3563 3634 2591 12151 6091 5862 9549 4023 8167 2132 634 1027 11178 8322 15996 1364 15110 6284 8489 8259 13997 15367 11687 8169 10702 11015 10515 9081 11905 9979 7783 1352 8837 15495 13041 7552 7045 617 8016 7555 11310 8198 14839 2304 10133 13453 1404 8913 1455 6621 12057 12603 3612 3180 14988 11561 8161 14057 62 465 4324 5768 1020 12448 15899 10179 14483 5065 15828 13957 9300 15399 12758 13343 11496 5433 586 1872 13811 5849 9222 15169 9895 11286 14406 11382 7211 4842 10327 1318 7196 3580 10573 5577 685 4266 10499 8556 722 2655 15322 13012 10933 5779 7329 3286 541 8034 1825 15537 7938 11741 5553 10604 3466 14546 5985 10146 8154
Route 16: 12820 14754 3632 12230 3581 11870 10979 14123 14771 14645 11653 14366 13812 2266 9604 9407 1219 13682 8093 11556 5950 1205 7769 6309 1803 3820 3711 1682 3366 4798 10972 11982 15043 7656 13313 3269 15709 15219 1720 12512 15654 7509 8201 638 1569 1518 1520 6243 7568 2701 6742 13672 883 13803 2791 1434 12825 12576 12722 889 9642 10628 11545 7148 195 10898 4889 1511 14134 12213 7346 12663 13528 4407 1684 624 2704 3656 3030 8952 12139 679 2604 548 2523 4507 12785 10953 15460 8353 4173 12677 11016 13818 6176 5472 7327 7866 15736 15432 15433 11972 14165 1295 15841 11920 7940 2846 1465 2723 5180 4278 5488 6899 5860 3076 6426 1342 3929 8967 1197 9829 2439 2939 2374 1014 10502 11544 4530 1422 1592 2486 14307 13184 3524 10529 9792 1397 11080 15967 9517 7857 6498 11356 10720 11855 3405 12754 11012 11372 5477 10772 2420 9653 3704 1977 6798 12863 6671 58 11263 15780 8143 12240 15895 14907 6095 9266 11830 15745 15979 294 3842 2725 14528 2679 12664 14379 8599 5769 13613 2040 15663 181 14518 10316 2876 14683 10868 1635 12596 13514 5021 7533 961 13725 557 11601 7190 11213 8251 9689 15425 3976 2348 12225 15270 9032 13568 3921 9026 4069 463 15342 10943 15329 8078 9020 1735 5007 2082 3001 1421 1677 14644 8032 15691 10639 15684 13377 15732 13229 5581 14602 9722 15532 10694 12219 4255 7330 12675 14704 3072 6536 8066 4664 10249 262 15929 832 10147 12140 1800 14283 8614 10845 9961 8113 7677 4537 4413 14561 15166 5376 13829 2971 3132 11011 78 10544 1965 1129 4145 2123 6177 15217 13392 9744 11820 2130 5393 5846 6813 10163 4578 12913 2962 13459 14007 15095 2743 6720 10368 14887 3012 13028 1299 4672 2199 10251 7990 15740 11133 3325 6443 3778 7439 5894 14237 11518 3516 9998 4458 9690 13299 14225 7429 6704 14983 15670 9777 4193 8911 12039 4969 671 15049 10583 6839 12912 11109 2699 5993 11148 4078 15667 4904 8676 948 15742 14580 788 6066 6581 10067 981 4809 10294 10460 15523 10633 10480 5369 13137 14972 690 15985 8027 14741 2392 1888 10589 13833 1340 6608 1725 15097 10648 7523 7995 4463 5619 2056 2091 12961 697 12505 11670 4735 1639 13086 10022 1050 14551 10921 9137 5445 9090 7653 4529 12986 914 9095 3449 10052 2306 7952 15786 10131 2778 4618 8002 13326 14333 10331 3925 13147 12474 218 9786 318 1121 8006 8960 8362 7893 7744 817 3353 14329 14994 5844 3736 5350 13749 10837 9598 11477 14573 7637 236 10173 13479 2680 7615 13518 13979 15544 14071 7569 3464 76 6060 6011 9556 2357 2529 10229 11751 9201 8537 11643 10931 8035 13794 2797 272 3322 4441 12990 13014 12249 9157 1067 3906 362 1924 10247 8891 2135 13734 7619 8580 12328 12238 2578 10522 10010 1604 7886 13202 4204 14808 5616 2063 8432 12045 13115 443 1702 4694 12989 15840 427 1580 9581 15731 4359 8316 12228 4444 2316 8861 8275 11767 9104 12070 15130 2290 13186 6744 5720 7154 15863 6714 1052 10200 9246 4034 3138 12872 10136 15871 1754 10149 3718 13031 6131 7901 10808 7971 2630 14150 12096 14046 8949 3028 13767 10858 11825 14367 5123 14213 14893 10245 2647 11835 5260 1327 4408 6037 13647 6268 5715 11039 5139 5716 9050 7337 5934 12288 13493 5209 14339 5492 8045 891 1660 14648 569 7444 7834 7322 6187 4868 8197 5880 5689 14378 10283 3297 7392 7265 2593 9170 15287 681 7457 7194 4127 12329 1490 3360 9874 14656 7707 14830 11985 3371 775 10080 1893 12595 9962 11118 8795 2468 3483 3234 320 14316 3508 11036 12314 10937 666 14098 9099 8851 10492 15619 3146 6079 15887 3532 4425 2811 11211 9760 239 4636 3510 1393 13873 15105 9781 4468 390 2285 13360 7960 10533 6010 11022 416 11603 280 12907 1231 13563 864 12985 13059 866 12385 15347 6075 9245 14167 10076 2119 5773 12983 15431 3830 7484 237 12387 8547 9700 13843 10994 2559 1405 12826 9794 1154 6571 2012 12510 4300 4493 11696 11758 15450 12 13931 4666 11594 8991 2989 12770 7812 14089 3780 4016 290 7924 4183 10988 11557 6274 5002 3038 10516 5746 8189 5878 13117 7463 12244 6089 12490 8439 2995 11739 5930 7104 15597 15289 2466 6074 2635 9789 11993 6534 15503 6517 12760 12900 5052 6333 9214 14060 9673 10591 8830 14051 9149 4772 13127 3840 11711 15851 12362 12050 3203 15533 3716 9208 12950 437 12774 13209 9236 12918 7614 8953 15375 6718 10766 4299 4349 4135 13607 14530 7088 1084 11412 8901 6622 828 175 12861 7178 12586 1870 9554 15561 14223 7973 11906 4689 670 7344 5704 480 14864 14578 6195 12665 7388 14092 7003 13382 492 1106 7495 1959 14027 3279 13426 8306 6890 15383 8055 5955 6550 13180 253 8898 11632 7070 7786 12308 3453 6236 15257 11645 10637 12429 8494 6063 1856 4098 5012 1339 15718 13134 7706 13279 3779 12089 15897 15408 8109 92 5109 8557 13092 1519 4249 10975 14672 8806 10769 11250 13034 7662 6451 5366 3794 3694 11631 9795 3902 3645 10162 4054 10145 1495 12540 14261 1477 13636 2363 11571 8476 9862 13832 5722 15485 13070 14380 12485 8792 2908 11705 3994 169 6306 14788 14420 11142 7648 2483 13434 3299 12363 1189 13926 4189 150 6769 13958 11570 1770 13511 7256 10093 960 10942 5231 4060 2753 8528 1667 28 3915 12338 8764 12112 11917 4630 4846 5196 10895 7203 399 7252 15229 6272 3785 7351 7917 7640 7079 10757 2027 2673 3035 11867 9244 5543 13675 5266 593 13480 5100 9392 6463 6851 15390 14845 2890 5794 922 9014 8007 12358 999 12418 11225 4129 9669 12926 14778 10542 1512 415 9592 8344 3499 8925 2036 15888 14856 1323 6522 15563 141 15350 12060 4206 10908 297 5399 5095 10254 13389 8615 14710 2789 11207 9465 14063 267 6540 2650 3754 10039 8400 15952 13486 5115 6005 4325 1953 9421 228 2516 9126 1521 4031 13125 8295 5440 1499 4706 1955 7275 12199 15404 5221 4935 29 1379 12056 4595 6526 11429 13940 5539 10463 9492 13523 13504 3822 15772 15244 7516 7508 12942 2584 11644 12728 12896 14292 10481 10090 134 7031 15538 11763 8402 863 7957 6201 745 4925 15359 12445 14120 8357 13773 1890 3406 6990 5381 4829 13026 4002 9186 2541 10377 15461 10393 14170 8747 3083 1594 13741 12699 3503 12954 9323 5951 15849 12973 15777 12565 2716 6727 15041 14636 1834 11686 1255 5371 5215 13264 2537 4551 11605 6339 11363 9610 12652 6578 11740 3442 10471 3312 8715 2221 1992 13510 13972 1291 11254 319 3969 8751 9637 8156 10029 4010 316 9887 13083 2737 15239 11662 10606 4580 12032 3666 4315 3526 13604 7183 5340 2895 9921 13902 8919 5206 3502 10399 14931 9629 6909 1831 7898 943 7612 15860 3328 2144 9797 3890 6711 1502 12289 420 7397 11588 2417 4401 10357 7290 7527 4877 3394 4680 9289 11957 15543 14847 909 13980 3964 10812 3631 614 8276 7350 11365 6688 8133 689 9601 6717 10950 8021 10384 13570 4460 12106 8578 3668 14629 13860 14076 14479 4563 10930 14280 7972 1275
Cost: 89251.113
best cost: 89251.113
