ACO Parallel Starting with 8 threads. N=8000 K=8 Cap=1200
[progress][mpi] epoca=1 | epoche_rimanenti_prima_stop=99 | tempo_trascorso=0.2s | tempo_rimanente=299.8s | best_cost=15583.140
[progress][mpi] epoca=2 | epoche_rimanenti_prima_stop=98 | tempo_trascorso=0.4s | tempo_rimanente=299.6s | best_cost=15560.703
[progress][mpi] epoca=3 | epoche_rimanenti_prima_stop=97 | tempo_trascorso=0.7s | tempo_rimanente=299.3s | best_cost=15471.554
[progress][mpi] epoca=10 | epoche_rimanenti_prima_stop=90 | tempo_trascorso=2.4s | tempo_rimanente=297.6s | best_cost=15471.554
[progress][mpi] epoca=14 | epoche_rimanenti_prima_stop=86 | tempo_trascorso=3.3s | tempo_rimanente=296.7s | best_cost=15287.245
[progress][mpi] epoca=15 | epoche_rimanenti_prima_stop=85 | tempo_trascorso=3.6s | tempo_rimanente=296.4s | best_cost=15011.048
[progress][mpi] epoca=16 | epoche_rimanenti_prima_stop=84 | tempo_trascorso=3.8s | tempo_rimanente=296.2s | best_cost=14680.446
[progress][mpi] epoca=17 | epoche_rimanenti_prima_stop=83 | tempo_trascorso=4.1s | tempo_rimanente=295.9s | best_cost=14163.085
[progress][mpi] epoca=18 | epoche_rimanenti_prima_stop=82 | tempo_trascorso=4.3s | tempo_rimanente=295.7s | best_cost=13417.551
[progress][mpi] epoca=19 | epoche_rimanenti_prima_stop=81 | tempo_trascorso=4.5s | tempo_rimanente=295.5s | best_cost=12781.137
[progress][mpi] epoca=20 | epoche_rimanenti_prima_stop=80 | tempo_trascorso=4.8s | tempo_rimanente=295.2s | best_cost=12159.075
[progress][mpi] epoca=21 | epoche_rimanenti_prima_stop=79 | tempo_trascorso=5.0s | tempo_rimanente=295.0s | best_cost=11707.405
[progress][mpi] epoca=22 | epoche_rimanenti_prima_stop=78 | tempo_trascorso=5.2s | tempo_rimanente=294.8s | best_cost=11328.271
[progress][mpi] epoca=23 | epoche_rimanenti_prima_stop=77 | tempo_trascorso=5.5s | tempo_rimanente=294.5s | best_cost=11162.679
[progress][mpi] epoca=24 | epoche_rimanenti_prima_stop=76 | tempo_trascorso=5.7s | tempo_rimanente=294.3s | best_cost=11030.756
[progress][mpi] epoca=25 | epoche_rimanenti_prima_stop=75 | tempo_trascorso=5.9s | tempo_rimanente=294.1s | best_cost=10889.426
[progress][mpi] epoca=26 | epoche_rimanenti_prima_stop=74 | tempo_trascorso=6.2s | tempo_rimanente=293.8s | best_cost=10854.302
[progress][mpi] epoca=27 | epoche_rimanenti_prima_stop=73 | tempo_trascorso=6.4s | tempo_rimanente=293.6s | best_cost=10710.636
[progress][mpi] epoca=29 | epoche_rimanenti_prima_stop=71 | tempo_trascorso=6.9s | tempo_rimanente=293.1s | best_cost=10648.023
[progress][mpi] epoca=30 | epoche_rimanenti_prima_stop=70 | tempo_trascorso=7.1s | tempo_rimanente=292.9s | best_cost=10584.492
[progress][mpi] epoca=40 | epoche_rimanenti_prima_stop=60 | tempo_trascorso=9.4s | tempo_rimanente=290.6s | best_cost=10584.046
[progress][mpi] epoca=50 | epoche_rimanenti_prima_stop=50 | tempo_trascorso=11.6s | tempo_rimanente=288.4s | best_cost=10567.571
[progress][mpi] epoca=60 | epoche_rimanenti_prima_stop=40 | tempo_trascorso=13.8s | tempo_rimanente=286.2s | best_cost=10567.571
[progress][mpi] epoca=70 | epoche_rimanenti_prima_stop=30 | tempo_trascorso=16.1s | tempo_rimanente=283.9s | best_cost=10567.571
[progress][mpi] epoca=80 | epoche_rimanenti_prima_stop=20 | tempo_trascorso=18.3s | tempo_rimanente=281.7s | best_cost=10567.571
[progress][mpi] epoca=90 | epoche_rimanenti_prima_stop=10 | tempo_trascorso=20.6s | tempo_rimanente=279.4s | best_cost=10567.571
[progress][mpi] epoca=100 | epoche_rimanenti_prima_stop=0 | tempo_trascorso=22.8s | tempo_rimanente=0.0s | best_cost=10567.571
ACO Parallel Ultimate Completion. Best: 10567.571. Time: 22.857s
Route 1:
Route 2: 7289 6628 4080 2394 4207 5884 3265 5516 5418 7852 6710 5298 3135 2078 3522 2176 6141 7424 4104 4420 4233 7716 2060 489 7000 5007 5002 1331 7434 3443 3642 1737 4218 103 3198 5541 7527 6813 7208 7004 604 6776 3122 5896 2347 3959 98 7177 3806 1484 3195 5185 3497 3948 3251 7338 1662 6427 7280 4600 2361 1103 5668 5490 4521 583 4163 3216 4694 7202 32 5745 3469 1133 1760 7032 40 1549 4059 7826 795 5331 7713 6897 1034 6720 6262 276 4251 4247 915 3976 2649 1072 4592 2955 7013 3548 4704 5463 6326 7203 2145 1952 3994 2331 1839 7152 2368 1518 6017 682 6333 1993 2021 1383 7917 337 4432 4234 2755 3573 5505 35 1887 6620 6995 3286 3213 3293 1591 3692 7274 5317 6202 3705 7157 6940 6503 6617 2900 4227 6267 6127 2758 3338 2173 6859 5359 4406 1396 6469 1485 3536 7387 7521 5983 6363 1046 729 547 5487 3102 485 3992 355 386 6984 648 5436 293 6148 5819 1334 5585 7690 5037 3900 1729 7491 4551 595 6380 4699 1920 7531 7794 363 1598 7079 6441 6368 6206 6692 5102 1506 7848 6019 46 3657 5906 6179 1545 5525 4663 3050 4634 4541 5581 3798 6124 3562 3064 1843 913 4898 2887 2203 6369 7841 7623 1912 7196 2276 3720 2756 7422 1313 1143 1555 6447 586 474 4429 1015 2856 707 2285 1414 7051 918 2075 3585 213 4814 4066 2498 1226 3442 6314 4972 1763 2534 1415 4948 4996 1189 1005 4603 238 2562 5591 6064 3526 826 4812 3691 3729 5656 4162 1611 4305 123 1568 2375 2997 4772 6376 2230 3101 1699 1 6187 4056 6682 2760 1695 5066 3489 4763 5093 2904 5725 2214 7974 3343 7762 6855 5425 2535 1519 7653 7178 2321 6812 4099 6294 3373 4001 4272 1374 891 7553 7035 622 5956 8000 6073 4373 804 225 5278 7705 6258 670 1430 947 3023 7915 4993 5860 5042 7039 6395 6711 5620 281 78 7789 2797 6410 5118 7702 4851 6160 6790 5021 2544 5267 4486 161 6708 5034 7797 5555 4839 7215 5253 3936 3528 308 910 1670 2 7343 5765 2279 1147 2519 7869 7198 3863 3524 5003 2116 6884 7123 7477 815 5343 447 506 4811 6598 6697 2466 6558 6453 5556 2287 76 1439 252 7080 4943 1724 6162 5460 6286 5350 7534 7140 6957 6428 7565 5129 4978 2553 160 2493 6138 2023 1107 3827 4578 2943 3266 2253 4951 5852 3107 3765 6074 7907 2120 774 479 5292 4055 3396 3155 5695 3032 5435 1451 7631 131 7791 6366 4749 1600 2822 3346 6565 5667 7112 7116 4292 1115 6006 5542 6988 7914 66 7693 3835 5044 5964 4089 2309 4711 6931 4534 2018 7544 2339 653 6487 3305 4744 6305 7652 1539 1259 4091 5085 537 4304 6804 3727 3693 1335 274 664 18 4412 6103 6694 4317 3187 3494 7725 4620 5895 5098 1308 4612 5675 5874 6364 975 7018 3398 1802 1663 216 3421 7943 6367 288 3238 1128 1771 6255 5318 3416 4179 5203 2363 3898 7163 2661 3884 4831 3630 2715 6633 2098 544 7891 2820 5712 3578 1954 3986 4917 5405 2401 5752 7626 6583 4375 903 7607 5353 5431 2164 1395 7666 1556 2161 5612 3061 5196 3075 3721 1454 7367 2103 2882 6423 6455 1847 3041 1767 2957 1359 2270 4813 6788 4817 2543 5090 5501 4253 7154 4509 1018 5271 7273 3700 4676 3424 2009 3179 4614 6823 2741 3409 1304 6145 4959 7541 1258 3606 2763 4779 1896 7638 5963 4502 4318 7132 5286 7270 3344 451 7641 2508 7872 1758 7906 4012 1577 3407 4206 5727 1589 4608 1431 3415 5039 2006 655 5708 570 4362 3920 1224 6429 3274 6121 7027 271 6625 2081 2165 4833 745 7563 182 6188 7864 5020 5199 4861 7356 2255 9 3477 2433 5823 4189 7782 3670 2694 5113 2125 6973 413 5374 1425 3058 6450 1980 4135 3390 2738 4396 3819 1580 6279 943 7201 4601 7885 3397 5030 4912 6185 711 500 1992 1778 240 5135 1570 4372 379 2497 279 7796 4598 407 4686 7095 6412 7816 1057 2409 1572 4782 5638 5666 3080 997 4034 4784 7247 5439 1239 7618 6544 4979 2724 3990 4143 2580 4724 4174 6360 3385 5528 229 3552 2583 2773 4822 1742 4368 7721 3924 1546 3848 4823 4180 7749 7249 5248 576 672 7833 3801 3047 5362 3134 3110 490 5831 1085 3815 3371 937 1123 1095 2610 2256 5978 5798 5134 6424 5209 835 7709 4589 2206 1353 233 5233 1594 7322 7272 7179 2989 1206 4685 5829 4733 6451 6464 2469 5022 5833 3368 7290 766 4323 6186 6192 1962 347 3966 2031 2500 1450 4402 5330 6679 6211 6559
Route 3: 5340 572 5464 6212 7368 6334 7093 96 5441 5953 4266 5492 4627 6203 5326 555 6943 4795 6580 3897 3290 4146 6631 7246 5975 581 6486 1780 4927 2998 3989 7549 3136 7427 901 5311 27 254 7927 6993 6550 7977 1646 4299 5778 1367 2477 4962 7692 365 2606 1789 3962 1879 2725 2426 2599 5447 3777 6905 5231 1972 6754 3663 2815 5086 7988 5788 4026 2036 7256 6062 7597 7879 492 816 4775 7159 3549 7158 2393 1435 7766 108 1584 84 2271 3137 1689 255 315 4665 5444 6214 7443 3158 2859 7995 7815 7579 1102 6796 1721 1498 6232 4071 2364 5552 6757 421 6194 3551 2478 2605 7505 4863 6299 4039 2660 4520 4045 518 2541 4602 1533 215 1957 3062 5564 5524 3503 7933 3247 7591 4678 1903 736 3611 2811 3148 1710 5937 3420 7108 3762 1175 5642 2152 1505 25 1677 3603 1410 6722 453 2805 2298 7307 153 7361 822 5132 7306 1076 927 6324 2609 640 824 2879 7736 2243 7398 3887 6341 6470 954 7147 4965 203 7328 4529 188 2625 2095 2962 6797 4462 3913 314 1082 1208 4109 345 5912 4552 41 1362 7530 4765 3031 3711 4355 7227 91 987 7255 5338 5067 948 7355 7911 6748 3183 4344 2345 2595 6128 2029 7204 2536 788 2978 7062 3626 4579 3570 2718 592 1692 1929 6515 1004 3184 1188 1464 3154 1719 1950 7895 1097 5545 6362 6027 3146 6046 3000 2808 2489 6060 2215 6978 2226 5375 6349 4000 6836 4834 3622 6554 2975 5504 2581 2639 4095 6190 7576 1299 449 4980 1951 7622 5599 4752 4201 2315 140 1282 3842 1795 2979 3709 2149 557 5121 603 1892 2506 2404 6215 1065 2047 7033 1660 2802 6860 2132 1337 1834 6938 6325 7115 389 4791 1073 2993 5497 6041 1915 2374 3748 4023 673 6609 2185 3867 3310 136 1633 5409 2355 5608 179 7195 1504 2231 2340 5776 284 5871 7880 3447 3121 7480 7103 6904 4455 2531 6826 7870 2282 6157 7510 5848 4096 4032 1527 5255 2766 2217 6023 7240 496 2576 6763 1945 1098 4156 3821 3231 2140 6182 3468 3436 6774 6028 1086 2358 3370 224 5061 3698 1542 6371 5469 6169 7894 7315 2239 2601 3328 5459 1438 3192 344 1062 981 5618 1066 2076 1691 978 4880 6180 6690 833 1860 6954 2829 4187 1810 4992 3773 1178 3914 2062 2232 791 5974 1726 2467 6907 2591 7602 4185 4053 2558 3881 4925 6436 7924 1657 1243 5926 3476 4652 2592 6564 3210 4495 7299 2930 7769 4669 6234 5040 985 1421 126 1567 6762 4445 1941 1246 2903 1401 886 364 5863 3644 3224 7818 2033 3428 4840 6387 4132 5451 194 507 4909 6083 5234 4220 2311 1458 2941 6093 3658 3335 1990 950 6961 4712 6887 3240 6919 1859 6683 1052 5347 4106 2987 6839 2003 4216 6278 1075 5016 1697 2297 4989 2503 1552 5547 434 1995 3750 1493 5322 4860 6055 4312 7138 4903 6932 5491 779 4732 2398 7912 4995 7846 7492 3279 5386 2780 70 241 7153 5276 3296 3311 877 3999 3833 6337 5394 7017 4563 976 1566 1715 7550 330 2135 621 6665 1322 1502 7213 5307 1559 2821 4868 2622 7720 2650 6502 6514 6640 7332 331 751 1914 5891 1499 6164 7856 4727 2697 6250 7855 4352 4313 3378 7243 5962 3358 5870 6808 3451 2834 1027 2737 7448 2007 1472 7860 642 7375 2657 2925 534 4345 3577 352 2045 5108 2966 2835 7507 2272 2745 3355 4780 6346 7773 5462 2777 3534 3417 5928 2174 5887 6737 446 1417 4294 4065 5716 191 916 5830 4845 6983 3320 2746 4448 811 1522 435 2839 6806 1944 2452 2958 491 1846 2495 5031 6649 7228 3955 7091 6116 2873 7389 2667 393 2929 1746 1129 2286 2030 3076 5260 6685 6120 5198 902 831 1917 7150 4168 3979 3418 1109 4226 1326 2245 2091 1752 3784 780 6106 1397 253 3392 4395 2453 3737 4908 662 7727 1444 6561 1340 7350 7532 2646 6605 4325 681 4477 5145 6698 3384 6661 1254 4331 3006 1333 6003 4212 3232 137 3521 6793 3133 5960 5181 7678 4946 3978 5553 6004 6844 3675 1131 1031 6673 4745 2378 6585 1550 6715 1344 6136 7840 4515 2933 6740 5900 1671 3461 928 5136 3444 1388 1958 4625 33 2212 5455 3558 7406 3426 5225 7391 3627 1755 62 1544 2131 3217 5582 4773 1151 7070 5274 5141 4516 6282 7463 343 7954 5767 367 2730 4380 1750 2852 3003 7746 3688 5341 2865 7514 3086 5095 5958 2367 333 1999 6047 3724 2713 2293 403 876 3963 3124 3234 3067 3295 6741 7144 1049 251 3883 7756 4988 1701 3985 6339 5105 6354 1804 7194 2410 157 2324 1093 6900 4584 2600 4776 1356 6576 6276 3352 4165 2676 3983 7082 5626 3186 7863 5416 6543 1403 6624 2572 2354 3728 2620 3808 2386 6336 1659 7390 410 4714 1876 4747 459 4830 2376 6137 7044 6590 3532 7415 828 5186 1593 5573 2101 4700 3228 1436 468 4466 2878 7682 1812 2460 5540 933 4022 1743 6183 4818 81 5882 782 2607 730 6733 1283 7695 7300 7899 2427 6014 6289 3182 718 1861 6644 469 4062 3127 2548 1656 4196 7884 2977 3480 3120 7644 2474 7656 4930 57 6918 5755 6123 430 4984 6623 776 7970 3888 4350 1987 145 1307 2222 7662 2913 863 2584 7790 4826 7449 5899 3491 5048 3337 7088 3763 3837 6926 5474 4716 1329 708 2826 2046 6166 6310 7077 6163 4303 5206 5309 3315 6667 7186 3051 3093 4514 6301 7750 7269 1064 541 4503 3545 1636 5164 6881 4590 505 5361 938 869 2408 231 471 5355 3072 7244 3653 5077 514 7529 3649 3399 4556 3607 3065 1271 630 1867 790 3181 3391 919 3926 4356 3422 1268 1835 4876 1733 1002 2739 3838 5706 401 1070 907 4591 1698 6886 1269 7676 2721 3639 3212 7188 283 2419 5013 6244 716 2986 1832 1800 2445 289 2922 1232 522 4624 4470 5952 3383 1561 6277 2141 5679 6308 2225 7580 1181 5468 6795 4949 2860 4695 7431 3363 6858 7042 5117 998 7649 3869 1725 5813 959 5428 1837 2192 5477 4084 2175 810 660 6799 5566 3860 7402 3098 4997 3652 450 6687 4033 4757 5193 327 7583 6982 4203 3004 3283 2619 3433 3119 7061 7967 7677 3473 7555 3190 5500 5089 3372 3168 3529 1986 2814 516 2365 5372 6370 2155 4970 7190 7502 5758 3388 3434 4479 5169 5256 5342 5570 6527 6306 7731 5688 3605 3812 4092 4397 6750 5818 5883 6522 6532 2799 4098 5508 799 5526 2611 7578 7569 569 5509 7965 7384 3427 5371 6146 5773 1916 6096 6018 4936 4497 3671 7601 6824 5533 228 3932 2342 2295 3361 4616 3306 7508 4113 957 5001 873 3757 7610 2451 5009 667 5399 719 878 3655 4638 7267 7440 6986 4641 5532 6268 424 3742 4423 502 1411 3052 1976 6434 1961 5059 4720 1146 158 1700 5596 7698 6753 2092 3167 5373 7197 5053 5073 7407 2707 2864 6962 7712 2931 1535 5614
Route 4: 2111 319 2824 2618 5517 3225 26 6721 1237 5554 3877 5417 2614 2593 728 1462 6637 4443 7211 1551 3771 3997 4249 4369 6484 872 4186 5466 7002 2972 4046 6831 7330 3589 7661 4802 991 1391 7 5158 4301 2825 6660 3889 7135 3696 6534 3021 3009 5429 6987 2898 851 827 3947 3792 3701 7031 934 2803 305 266 7669 3665 5969 4158 56 4405 4476 6927 4454 4973 4785 2905 6504 4632 3037 3982 6465 5133 6915 880 1300 6356 7958 64 5150 1422 5454 147 1248 5619 7681 7414 3895 7192 4891 6509 7500 7944 5696 1744 2672 7962 7453 7543 3278 7040 925 7261 7168 3782 6245 7729 2699 4941 738 6068 4505 3049 139 1517 1346 1122 2685 2338 6170 2938 7522 562 5930 4827 7566 11 400 1017 5246 6150 6099 3875 7271 156 5563 3504 7148 1668 1296 3595 2833 4777 843 6802 394 260 4193 1919 1764 2858 3492 871 3035 2886 4155 2291 1779 5062 3597 4754 2068 3404 521 638 1975 1500 7254 4239 3025 5296 6057 2518 5388 4846 5558 3805 5163 5254 3460 1375 110 6684 7745 3836 7341 3147 3218 1675 4558 1910 727 6449 6271 4597 807 2086 7234 2589 1864 7909 4287 6273 5890 7752 54 5301 6439 958 7452 7511 7024 5314 5812 3318 429 5609 5700 7811 3761 7259 5711 2201 1666 5482 2862 349 6889 445 2693 6584 1650 7120 1627 4217 5595 2198 6024 4321 5905 6608 2082 3172 7006 5415 5244 5794 61 3620 4004 7421 5026 5332 3995 3686 3214 4417 6968 2026 847 552 6952 7324 5402 4969 30 2924 7865 951 1051 2512 2939 4550 7100 6817 2025 4430 5088 6981 4140 6678 7719 3287 2648 732 6293 4243 5914 6742 287 371 805 6569 7625 5390 6755 1293 3381 1286 3170 2868 4877 1716 704 4478 4906 4746 1979 2604 1819 6135 1339 2461 3164 5258 1441 5961 6626 1895 668 1762 6621 820 7834 4697 5049 517 2764 4986 6353 5116 3199 1803 1676 5506 5157 6077 4947 100 6651 3975 5664 6247 6021 1820 4490 4536 966 3804 7643 475 1723 6175 3500 7454 769 5367 5560 5602 4176 2379 3463 924 767 5636 6781 5662 6452 7351 5959 2891 1745 282 6463 2670 7472 2154 2458 5726 3751 558 3864 2691 597 7432 5111 4442 6459 476 7817 183 5603 2372 4958 4183 6205 1044 7524 3139 3513 6645 3908 1278 6165 2330 7873 4279 6928 2249 7281 3736 4394 1680 5749 7726 6158 6878 4335 6283 6472 6916 741 6389 6095 3356 7639 7920 4974 2981 5290 4574 3082 1606 4290 7229 1793 2935 6107 1288 5935 7936 7821 2757 320 6934 5598 3070 7501 7416 1905 3499 1314 7395 4232 6254 4125 5052 4408 6069 2054 3429 6227 4230 5426 1110 1645 7898 2674 3197 163 5403 3043 6409 5152 6556 5489 6222 6669 4097 4893 944 7516 2473 1393 1324 2722 7379 585 6716 5584 2921 2665 304 390 7478 165 1262 5376 7926 2923 1621 7807 3254 717 5263 7295 921 68 6807 3094 7028 4126 4729 1775 341 2168 6304 5578 5050 1312 3479 3045 2387 7212 6819 7932 2341 6221 4825 7498 3351 1981 1874 750 1048 5720 374 7558 3432 2182 6461 5437 6528 3733 7968 423 6216 7798 2973 2838 7233 3834 3132 409 3079 1078 6454 6540 5632 6365 1614 3640 117 3550 1840 1256 1173 3576 6140 4088 509 2960 5356 632 2229 6500 1510 2013 6526 6173 2105 1696 524 3871 290 4283 906 2587 5597 733 3365 4453 1797 7438 1959 22 696 4661 6675 2418 7358 7214 6251 5232 1769 6213 3745 5722 3405 7573 4576 4229 1479 1038 5993 482 3261 1084 2971 7876 7868 2250 4202 7732 5079 6869 5816 3353 3156 1722 5931 739 1925 6767 3930 6357 7447 4330 4883 4246 4510 2459 5673 5714 3629 920 4484 5868 4971 484 7241 6525 2980 2388 3909 2049 3912 5284 4755 1363 1653 3566 2588 6759 2533 1369 3057 4129 5204 2117 1418 4391 4748 3865 3324 6397 6745 4256 3081 6044 4480 598 7883 4006 481 528 4506 4921 4645 6877 4376 5424 2624 10 2170 1574 2143 760 265 3794 7918 1009 6758 2296 5889 3323 3715 5076 7614 5019 1214 5475 6866 5774 4021 5175 7354 6151 2228 4762 3174 838 4284 4035 5944 2961 3667 5382 6320 930 6738 4123 803 1997 6109 2906 1590 5214 661 5139 2430 3453 689 6552 4401 721 4404 1844 7189 7370 7230 6348 1827 1478 4519 2450 6867 3498 2801 3087 2440 1786 2136 3438 2789 4899 2144 5723 5543 3171 7016 7309 7121 1588 5035 4915 5195 1191 5323 3739 5370 3730 3078 3022 7768 7919 3517 6787 7128 5065 3840 4030 6052 2240 6070 5012 1524 4799 6898 1003 2926 3236 7540 697 7564 4987 2037 5058 5445 58 3273 5153 4647 995 7337 5989 4072 1888 2885 5559 2881 2328 2058 3951 4573 4743 14 3553 250 487 6925 3661 4153 1036 687 1023 1032 4081 765 1352 6901 1921 5780 1277 3130 6466 5821 4302 3317 6841 6253 1100 235 2294 3927 232 4524 3073 7288 794 2178 624 2329 1060 1394 375 1870 2306 3177 5938 1203 674 5027 2322 7064 5822 4043 5719 5791 2666 2734 6899 2488 5762 4329 4613 1901 4464 1492 6207 567 6302 5423 2658 1873 5844 7963 1631 600 6505 2761 4689 5814 7788 4184 1236 206 7772 1814 7830 2233 3590 5391 786 3957 1712 6217 3846 2475 6814 4314 152 3490 1008 5678 5360 4865 754 2855 6670 3791 1443 6029 2727 2035 1596 4067 1894 4170 1225 3708 2096 5006 6343 12 3016 1047 6091 746 6079 4028 2216 4619 6284 1404 7462 4381 6706 7107 4847 7874 4871 7546 7086 5156 5568 4575 1467 1628 125 6765 7298 6997 6966 2617 1153 4010 2080 6285 3336 1813 29 3783 4522 6414 6648 3239 3880 246 4815 2406 3400 6567 899 7348 1260 7216 6577 154 864 7405 351 3425 970 4076 6430 3017 6937 4060 6485 4439 6892 269 2638 7998 6875 5440 2983 6231 694 220 5159 6204 4703 4083 4252 128 1833 5078 1970 2481 1000 2579 6972 2127 176 564 5259 210 4197 3516 6054 5522 543 7776 7735 591 4198 7972 3876 2210 143 7825 4042 2698 6845 3008 5200 5804 2109 1026 7069 3462 1193 1592 4264 247 4473 7076 5519 5349 1679 2236 168 4286 5404 3565 4481 4009 3347 1830 186 2928 5951 818 4852 2470 2318 5729 4117 3113 2032 7026 2289 911 6240 2514 6980 3511 4222 1852 368 2932 4610 5380 226 7672 1426 6876 983 6945 2857 1089 7640 2549 3601 7374 7767 3866 5980 1732 3580 7613 5277 4263 2751 4687 1988 6081 3162 184 1471 3964 7770 3560 1838 1960 5109 3579 1106 3787 4583 5401 6593 7871 221 7094 1748 5741 2967 5287 4856 7633 4621 6647 7952 5295 6126 5703 3108 3679 1497 5187 5041 3165 4452 5600 2523 2521 1966 303 3712 245 2942 1453 2310 5787 3634 7946 3030 7014 4241 4094 1013 1061 4111 7206 1532 5827 7316 3856 4195 6178
Route 5: 5432 5384 4844 2871 7765 2726 4137 7068 4472 1649 1842 4564 3096 6422 2775 6149 273 2312 1486 2828 979 1054 7728 5320 952 3088 7394 714 561 1516 6557 2848 1204 1021 7403 4150 3105 3157 735 7396 7520 2566 7759 1150 6493 6730 6643 647 5538 3185 6873 6977 7929 1928 3572 3294 4436 742 1169 2413 7989 5383 1016 829 7023 2995 6009 7488 1234 4975 5627 4240 3452 5351 884 4037 6198 7985 7858 551 2010 3036 268 306 3803 1423 5797 2716 5820 740 683 7754 420 4904 1079 3327 3359 2283 5777 3180 6809 7722 3563 3281 5836 5433 5023 494 1192 5182 1708 4407 6036 5748 2846 5047 6958 4670 6574 4888 109 7739 1163 4005 5763 3857 2701 3326 3969 992 7538 3968 5379 3246 5305 5252 1969 3482 5970 2664 612 3704 2629 6252 4238 2528 166 7285 5687 6264 7467 3845 5922 7136 4416 4456 1681 7184 5176 1028 5154 7029 2677 5339 2651 599 5718 6714 395 4657 2223 7934 7857 5057 6616 5893 4944 6536 7810 1973 4626 438 5692 4537 6111 6847 1227 1280 1240 2631 2314 7326 5210 1766 3176 1707 5381 627 3152 1120 159 4489 2736 1014 3471 3811 2551 440 1218 1025 4224 5110 263 2537 5572 7890 2476 3329 2577 7733 6834 5279 3440 675 7130 295 7763 1623 532 6594 1055 7882 3618 2139 6048 6662 1583 4690 7935 1223 4766 1720 5230 3284 5166 4901 2567 6677 2974 6960 6974 5348 7760 4160 723 1661 7408 7512 257 5151 1257 7336 2956 313 3583 4154 4722 1056 2457 1330 398 223 3001 357 5235 7056 1496 4261 7655 1823 3191 1644 7145 4677 4049 5643 1983 7665 5408 960 2733 4499 3074 205 7647 7571 6546 6810 1099 1753 411 1503 3007 1199 1946 6630 2510 1531 6700 340 114 3488 264 5288 789 7525 7734 4061 2126 4082 4512 3342 2866 4036 5569 6022 1456 5628 1741 3039 7701 3410 3374 4966 637 5641 2530 477 2616 5285 2437 7964 634 1373 1166 3723 5513 5269 4280 629 1266 4594 4324 5680 4706 4843 3250 6056 2830 7173 6632 4866 7183 3725 6942 3870 174 2016 381 3272 1155 2695 1855 5909 7265 870 2028 6680 1672 3567 5281 6818 7182 3178 4446 3872 3599 6321 278 5971 4269 1787 5713 4119 1183 1221 3608 2804 7537 2357 2400 6270 7771 5987 1167 4836 7143 3800 512 2831 5251 4199 7073 3520 6782 4918 2159 744 5180 134 5576 7161 1740 7673 1105 6476 5476 3617 4298 3868 698 4810 5754 3300 4501 4837 6016 5694 5104 3695 6923 72 577 1074 4737 7630 6920 3033 2187 7242 2014 3690 7523 7236 2684 3202 3465 4003 3807 7253 6604 2598 1250 7021 889 7557 980 1978 6672 4103 39 7648 757 3509 7125 3414 1198 3161 2275 267 3026 1736 3298 3593 7485 5173 3059 7744 6404 4570 5068 3911 3631 3519 6941 3034 6076 4367 1355 1783 7793 5194 335 4393 1470 5430 7913 5948 1040 7486 4278 3531 1160 4360 2769 7636 666 5916 2041 5357 1301 1824 2403 1138 6780 6613 7799 2768 4051 3749 5894 5728 6117 849 3587 2996 2447 3514 3648 5973 3269 4214 5918 2827 1297 4069 5828 3354 7022 5304 5792 3150 6727 392 4900 4468 6917 2950 1319 4458 2628 5127 4954 4693 4778 2022 5471 2039 2854 5465 4507 5328 2448 2148 4792 6296 4723 2421 7030 243 167 5101 2902 4931 699 4874 1059 2072 2186 1409 2462 1610 2793 6772 5747 654 6784 7446 1033 1361 4265 7896 1900 4173 3237 3145 7360 1184 3307 7802 4850 3859 7162 7887 6288 2861 4250 5943 7268 6317 1648 513 1233 4728 2945 2334 4820 63 893 7606 5955 5344 3943 285 1836 3431 5759 362 6693 1117 6723 7435 6657 560 1295 3330 378 6015 5470 4789 945 2262 4691 2690 1654 6130 7155 1612 244 3555 5898 4149 4544 4928 5710 4542 112 7851 1222 1447 3581 1380 7679 2717 3285 7323 6709 539 286 4491 21 1514 3173 7823 5990 3654 4696 4983 7779 3040 3314 3301 5845 2710 358 5100 1328 7200 5647 5407 2299 5736 1953 4399 7686 808 3487 1886 7599 1024 6242 837 7608 6849 2782 5994 5592 6352 1738 3861 4315 5354 1276 6998 5438 3114 7548 116 4805 6955 1212 5764 6399 6566 7060 7383 2150 796 2520 1001 5221 73 5929 4740 3005 185 6717 523 3319 5197 199 6775 3276 1112 104 2442 7057 3341 626 6129 6615 7263 1145 5731 4334 4607 3455 1179 3987 3085 7111 4289 1311 7627 190 965 2654 5191 164 37 3850 406 5947 3743 3020 5220 6378 1673 971 705 6702 656 69 1579 3014 1558 1083 6011 4307 7922 7956 7437 659 6990 3831 2073 5934 329 5512 6641 4631 4116 6825 6143 4680 4709 650 1488 3735 5069 3839 3282 793 5334 4438 1253 6530 6953 5842 7742 5226 4715 7877 530 6846 7409 7099 4415 6034 2024 2687 3922 2333 7081 854 4378 1176 1521 5677 2356 5924 2423 4526 5999 2436 731 1126 7310 1063 3638 2525 4348 821 4633 6108 758 866 1891 1977 7025 6042 5099 7941 813 4659 5178 3702 3668 4254 3684 124 6417 7458 388 3781 2119 7950 4586 3643 1244 2004 6870 6587 42 2207 6751 7526 3923 3506 651 5544 6655 4585 7632 7264 1197 2496 6579 2395 6243 2326 2919 594 7844 7881 5264 2570 2668 584 6002 4322 2877 6659 839 7617 3222 4764 5942 2432 6401 2162 5488 5825 6821 3767 4164 7297 3313 6756 181 6498 6595 4090 6199 6257 3340 2005 3111 6191 1508 5702 6375 214 2712 525 7075 6316 1714 2353 4968 5737 510 7218 2317 5345 2371 4615 6379 874 1949 7930 4758 6311 4366 2968 2563 3847 2202 7835 7603 3756 5316 4332 3406 3054 5507 2335 5915 575 6269 4379 5217 7124 1007 1465 1936 4025 4853 2269 6551 1515 2809 6638 6101 4044 895 4063 6118 1792 448 2147 7043 7781 2783 5634 4587 7687 3117 1984 1512 3141 6425 5972 3894 5809 6261 3204 4767 170 6555 4326 549 3624 1114 6794 2051 2177 2209 4498 855 3776 3938 1279 6792 4215 3196 6939 7795 695 2172 1509 7646 763 4942 4437 4100 574 1924 2894 7104 49 2089 931 3233 6777 5479 6770 6539 7156 3965 4910 4258 4190 4961 2532 7059 7119 2641 2893 3230 2486 3919 5622 1449 5143 4357 2594 105 3896 7036 5420 7859 5177 3367 1781 554 3746 7875 7707 1811 5091 3018 5205 6676 2786 7783 1520 6725 6803 857 5082 888 6038 2218 422 1440 3905 1968 2850 1172 4031 536 4759 7575 1091 1171 1196 2985 336 2688 3614 219 1144 6686 7420 2515 3717 7674 5847 6171 3609 4953 2399 7619 193 6084 6760 2870 3795 6865 5862 5782 3764 3386 2632 2084 1616 200 1985 3942 6323 1529 4886 4341 1904 6086 2061 1168 686 6789 361 6295 3916 4102 5257 4309 3502 299 5051 1274 842 1020 3138 2964 7397 1943 6115 6344 7287 6478 5621 3596 4463 5824 6547 4382 2547 4981 7897 6396
Route 6: 4426 3512 6744 1452 6913 7470 2513 6538 2659 44 4884 2454 6871 4255 6902 1202 498 5080 4639 1761 6012 7489 6483 3012 4751 566 4655 1805 2377 5549 326 1652 196 1398 6874 4040 192 5228 20 7982 6597 5280 4457 1358 4460 879 5683 5369 2257 7283 571 6496 5988 6994 2842 2122 4451 6037 3097 5126 6664 4370 5366 7053 7009 3678 380 7471 2071 7845 4259 7689 3542 19 1996 3470 6768 3345 5211 2816 6444 5917 663 1371 6805 75 5457 1809 7037 4527 2370 3841 4513 6914 5242 5162 6403 6407 5319 2134 5707 2692 6764 6442 3645 6553 237 850 3659 7319 7612 6260 4288 3066 1609 6197 1387 2290 7010 3131 7774 1481 6523 4343 385 3215 1142 949 1231 5385 277 3159 1241 4897 2483 856 6098 6087 4421 7620 4734 7321 4342 4073 5610 4535 2810 5106 2845 4285 5149 1116 2952 1427 6072 2405 3641 5885 5032 3038 7751 2585 4485 5995 2087 5315 2213 6674 7172 4339 218 2596 6025 3403 486 5790 5897 3100 1862 7460 3055 3849 4698 7067 1794 3445 5368 6462 7106 6707 6771 2920 4540 1148 5997 6406 6947 792 178 6050 5010 5639 2813 6936 3615 7518 118 4708 6582 5657 4735 5892 6490 4786 4736 610 5160 4546 7831 5981 175 6622 7925 4684 2634 1182 3483 5984 4134 832 5979 2277 2798 2556 2067 3474 1336 1261 5690 195 5586 1030 135 6026 2948 3829 2823 6415 2615 3874 2770 441 1871 1284 1907 4257 3980 7536 4707 7697 1991 151 3013 6719 7959 7469 6471 984 2499 6473 4181 5378 892 5496 180 87 2643 1113 5644 7937 747 4623 2711 4136 6235 2017 5757 2263 3523 5982 616 4267 5583 5421 2647 2683 2114 614 6391 5770 2179 4801 7164 4532 2582 6549 7098 177 631 1159 778 1463 7957 121 1405 7250 2428 4300 1963 6752 311 4567 488 6051 1210 4797 3974 3123 2146 6122 3350 6853 5661 3656 6133 5650 6358 3554 111 258 2242 4492 5144 5539 2417 418 4605 2000 2946 2491 6045 7303 7113 89 3151 3291 578 5481 4538 5623 47 4296 3333 2637 3413 2663 1152 7685 6922 6090 4719 7294 4493 234 6895 6327 565 881 5036 4622 6008 4848 3505 1799 6168 6475 2608 7905 6071 7117 3042 6457 82 431 436 2731 2644 5784 7084 540 4235 4487 1445 5911 5216 1883 115 4895 1826 5337 6518 462 2343 3302 4679 495 4938 5419 7074 2897 2550 1315 2337 635 2211 5949 6241 4188 7185 3890 3855 4161 1597 3809 7083 5237 5161 310 2153 4721 6563 1585 5227 5879 2191 1364 4169 127 5335 1376 2867 6372 5377 4295 5635 897 7495 6443 6596 4020 4819 6666 3507 1688 706 7468 3650 3949 7232 953 2397 317 4 2439 1408 5112 5715 5968 2064 7085 4047 5921 6249 354 5817 3448 3048 1180 7517 4225 4115 7055 1994 1420 7345 5015 4653 1908 5772 4327 4262 6408 2444 6065 3060 1230 4013 7853 5189 7382 5179 7533 5735 7801 5212 6061 7451 7275 2788 3143 853 6778 1930 6681 7455 2524 53 2085 7245 7637 7046 3775 4649 4950 5562 4920 993 5604 2048 2546 350 261 7340 3437 7993 6426 1619 5213 4929 1306 1483 3288 5146 3797 5704 7663 3915 6272 2070 693 6606 1092 5452 4642 7559 932 4683 2795 3903 3535 4855 5201 2425 1247 4572 3056 1647 4738 497 1139 6726 3408 2199 5886 5218 1630 2241 6642 404 4167 7012 6761 636 1564 4702 5238 5660 7551 6999 4994 6688 5223 1476 1562 402 7708 617 914 1841 6801 4806 2487 2509 887 2947 6601 3089 2837 5631 106 2107 5045 7829 3394 6537 4774 2112 6703 3612 5011 4545 737 5857 1487 2673 3885 6000 5000 4998 5120 1684 4504 1651 6508 6226 973 2586 4664 3209 6435 7592 7377 3153 2422 4205 6001 148 5147 2268 4475 3934 2407 2069 3259 113 1433 658 3322 7561 1940 3395 4807 4518 7903 3981 4662 3945 6318 2219 1971 2748 4228 7574 5520 4628 5498 4011 3206 4075 4644 3235 3998 974 60 3918 1412 2772 4934 2188 2100 1776 2749 867 3873 4991 2303 3770 7181 7715 4862 7539 6654 3636 4114 59 5810 4371 2703 1272 5527 4441 242 6832 5215 2959 908 2044 7827 7151 5574 501 5534 1229 5658 2984 3495 74 652 7784 6663 270 756 6290 6239 1639 6035 6592 3493 5240 3277 1096 6646 2732 6705 5815 1967 1190 6322 4630 5125 4688 7955 7284 4672 1655 5593 5458 5 645 3996 2916 6656 4667 3260 7318 2118 2841 7616 5014 4276 3166 6791 1309 7444 2723 722 346 1187 5740 2545 2104 86 709 5300 5148 3862 7020 972 1294 1345 5640 439 5413 7217 5529 4726 4151 4555 3268 2794 2129 6611 5140 6144 5485 606 4052 3902 1581 2123 4110 4548 2053 339 3633 7364 332 6570 7363 360 4058 3193 4731 2468 7461 4048 6879 7487 2305 1290 4425 1734 4434 2832 2875 1955 6769 1370 6063 5779 1624 1757 2678 6043 5268 2613 4175 2990 2057 977 7063 5245 2542 2573 5004 844 6420 2490 4337 2008 7019 2681 3610 6976 7596 3129 6238 4864 4424 7994 4440 1884 3019 1428 3991 3726 5744 1866 6300 5493 7165 204 2655 3623 6996 132 1626 6315 325 1469 1495 7260 1111 4471 5265 99 7542 4914 2853 372 7804 6852 5289 2504 6377 4963 7262 909 3456 5336 2156 5861 262 5936 4673 4753 6218 1829 1209 3539 7096 6650 4882 65 6 1094 3312 90 4427 3478 6134 6507 4878 6266 3423 7483 2640 3818 814 5480 5872 7971 7556 334 7191 6298 5400 1392 2077 6394 7378 7109 2208 28 2259 2776 376 5495 4131 88 7590 4717 7659 1475 4361 724 120 4637 5546 6896 2791 5352 1557 4798 5904 3971 7980 5888 4793 312 3625 620 3619 4768 1825 3379 5137 2034 684 7235 7047 605 419 6636 3822 1922 823 1351 3744 1461 1571 859 107 2083 3525 7141 7412 848 5250 6097 6189 946 4147 4365 4385 7015 2653 129 6448 6890 5294 6287 3910 5275 7854 4413 4913 3334 6156 4730 94 504 5607 1756 5750 3676 7803 1635 1480 4275 3360 5832 3716 834 3779 3449 1434 1149 5751 7169 5270 3891 2560 6440 3109 511 7975 16 1468 4842 7819 7503 437 463 2237 643 1429 3575 5966 2836 5478 2927 6513 7595 2569 7479 6263 641 1526 2302 2540 5387 1728 7423 1868 2876 2019 3852 7683 1702 4351 3211 7296 5876 7404 2771 3248 236 2706 456 3458 1136 6619 7008 6699 1071 7129 1964 3854 5734 1547 399 1317 898 7277 3683 5291 2565 6125 3412 3931 5601 1595 1713 1348 4204 1620 5841 6381 2501 7594 4403 2914 6506 7097 4336 3430 5293 7777 2626 6600 3439 1245 5097 4461 7703 1349 4419 5933 5033 1754 2869 6405 6335 52 5029 2220 7400 994 4177 6492 503 2812 797 4474 1932 5170 6359 6390 3485 4444 102 3790 3598 3637 1632 48 2348 7304 4019 6691 4231 3029 4916 5965 5655 7456 4139 6094 230
Route 7: 1858 3255 2708 3387 1194 602 6885 2043 1104 316 146 5616 3538 3258 6929 7089 4873 2278 1622 5283 1041 5783 7999 2555 4559 4926 1704 3028 4219 1406 7710 6851 6893 6030 4027 5411 1587 6779 685 6489 1784 3459 2778 5850 7730 6078 7814 7786 3774 1043 1081 5363 4118 4511 3935 7433 809 6512 5410 2472 2671 6154 7949 6058 6880 5689 5406 248 2415 7785 7718 5709 5530 1893 1424 4533 2888 5005 720 772 5364 7187 5859 4054 5606 7657 7220 3760 4553 4787 2800 6236 3972 4260 5805 7519 7660 7753 4933 6059 1899 5950 6511 7892 4571 4808 4467 6433 3533 4121 7600 882 3719 301 1310 6516 4660 5967 5243 3961 7850 1390 6653 5746 4640 4525 6167 1735 755 5184 455 7450 7670 5611 15 2767 3450 2449 5094 940 4105 6351 4838 80 2441 6930 4388 613 1602 2682 7105 6345 5873 4347 4333 4977 6312 678 4008 4411 4718 2574 2806 4340 1711 922 3481 5996 387 4593 1050 2754 4885 433 7494 1459 3559 7114 7921 5297 2196 1270 3666 6330 5580 3223 5365 4849 2383 31 3103 2482 5697 3226 2416 6460 7170 2234 4200 529 531 5646 4804 3714 3984 2702 4562 1543 426 1717 3588 6531 6602 1880 3568 4682 2883 2796 6732 688 6219 4595 412 6951 5172 1029 1318 5932 4459 4760 1382 2892 607 5977 5801 4956 3546 5743 4208 415 1923 5346 967 846 5202 5864 6842 4566 2456 4074 1389 6224 3778 556 7481 2517 4739 7237 800 5397 7445 4829 1658 6384 1857 2603 2195 3144 1629 1782 3928 2115 625 1384 6872 1343 5523 4316 3547 189 13 6724 5190 2390 7942 7279 4101 3271 1135 5412 1267 7667 3816 2880 4068 6291 212 1815 6950 1790 3681 5434 7761 6912 3823 3289 5648 302 6970 7951 5174 4858 6049 141 2915 5303 4050 5207 1448 3953 3208 7714 2011 7497 2645 1674 3175 5273 1366 3710 391 2863 5649 7291 3786 1205 3952 3304 1400 7680 7219 885 4788 6275 7149 2056 3071 5565 7311 6589 1831 3664 7822 3508 3 4389 1948 2254 4905 7700 6230 5663 4976 7535 3510 1872 1918 5902 6658 1379 3126 615 6639 1416 2884 3722 7654 4482 7464 2235 538 2238 6856 7748 3753 819 5518 6393 5550 6032 3844 300 2511 4750 7668 3010 1195 2759 582 5940 7349 1011 2040 4636 309 7629 5261 2088 7838 1377 6256 2890 6480 6965 467 5671 1582 6571 963 6177 912 2896 5699 198 2627 6729 5923 207 5939 7048 5414 2750 6529 2369 2552 2910 7223 2909 3027 4409 1140 472 67 6689 4130 6510 3267 798 7947 5389 4152 2284 4319 1897 4085 417 4328 6864 3967 7312 7808 5165 3256 2621 7090 6446 1851 6906 2352 6082 7205 6575 7691 1687 7806 3600 7388 5510 4064 1132 71 4057 5168 4967 2274 23 3219 4172 6830 3768 5771 2258 3053 3530 2350 1974 5114 7474 7365 5617 1534 5826 427 2221 1473 1338 7282 342 1125 3921 3906 1320 4077 7366 1818 1785 499 900 1865 2065 4955 5851 5768 3956 4741 4166 6132 2940 7373 3802 4400 318 6225 2197 6281 2001 3467 6517 348 2265 917 3308 1087 3604 7258 4128 3163 4907 3651 4824 3229 936 7276 452 553 3832 6075 3501 6837 5756 1252 7436 2455 7174 2325 1119 3707 7102 628 6089 1853 5122 2267 5625 4508 802 6010 3270 4422 649 1618 4087 3789 1365 2169 3828 6572 1058 5799 5730 2167 923 6971 3586 321 563 6863 5054 7496 4374 5422 4675 36 1807 2260 3799 3332 1816 239 6259 1890 6911 6307 5548 7990 761 6467 7684 2074 1305 2590 5494 4832 6361 353 1042 1998 1578 4617 6627 657 4277 5446 6265 1316 4002 6909 6005 2889 6868 4794 2281 3515 1460 1638 7586 7568 868 665 4469 1285 894 7604 5515 4210 1854 1350 5733 7634 1869 6491 5456 5865 1749 5313 3118 5577 4428 2160 2373 5536 5060 7003 2094 3257 428 2765 1906 964 3734 587 2539 7490 4656 3685 1664 7251 7305 7293 5691 1765 3830 4221 2391 5652 5846 209 6196 4651 4713 2982 4543 2700 644 1289 2038 5629 5579 1845 4387 1186 4386 806 2785 6712 465 4127 6497 6542 5103 743 7302 1554 5499 6110 1455 5654 5028 962 1368 6402 5070 4245 5483 396 3958 1938 6495 461 2138 545 968 1667 4133 2505 6223 6548 5781 836 6147 7862 97 291 6883 2158 3878 589 3091 55 646 2151 7671 845 85 7371 4236 2843 559 7476 862 1849 7207 3713 2908 5083 1828 6521 4358 5128 1634 3095 1298 3892 6104 1130 6560 4148 1669 4674 1207 3858 520 7828 771 1134 1137 2781 6728 425 2359 1275 5535 4244 1381 323 5945 2332 51 6488 2571 93 5427 1090 7867 3561 6416 1010 5840 4932 307 3694 7547 6545 2709 7176 7166 4781 4138 1538 1511 2042 852 3069 2002 1157 5724 2184 1575 4940 3466 5946 6969 990 4650 2189 1077 24 4213 1170 1934 4384 1372 4141 7506 4869 2157 5358 4554 2494 7987 3886 590 7584 1607 2059 2248 3785 2597 3635 4599 942 2124 2204 1378 1156 4112 5853 144 4654 2872 7837 941 3092 3732 1931 1407 3556 4964 2252 1902 6921 6208 4816 7628 2106 1608 6432 6979 2304 7820 6385 7704 7545 702 2385 149 249 5055 6421 6612 6949 5325 3621 2988 6828 5123 2976 7706 1759 4919 4014 4007 3099 328 2729 294 6418 7344 3904 5985 5461 1911 4982 3262 7582 95 1466 5589 1877 5907 4528 7991 7410 1457 1154 4681 6964 4835 2471 142 7429 478 5796 2840 5913 2190 397 5761 1217 7050 2319 1665 7133 5392 1848 7589 5693 4582 7888 2969 6007 1341 2526 370 3077 784 1933 2142 5880 1885 1108 1474 280 4890 2807 5908 2121 7101 6200 5651 4841 7986 929 6992 3249 5986 2480 83 1643 4549 7948 6713 162 6614 5854 2762 2133 1523 1385 2954 5991 3680 1801 6161 4985 5992 777 2669 4761 2346 5131 6131 5087 1909 5624 690 3740 7664 2999 4557 5299 7717 3366 6535 2907 4390 3457 2623 296 6959 4271 6456 3738 1386 7482 211 2992 8 7417 7866 34 1124 1796 1937 4671 5839 6766 3699 384 4809 6946 4182 3393 2752 1019 3280 773 2251 6382 466 5998 5450 3377 3944 6908 6581 3672 7938 619 2559 7552 3937 4078 5107 6139 2779 7071 480 7813 5808 5613 1045 38 3382 5063 5941 7605 7839 3851 408 2183 840 2849 3814 3380 2412 1686 5701 2224 272 6568 3907 2130 1822 7386 5587 3441 3879 7805 7902 3970 7317 1913 3002 2636 5239 2991 969 2050 6398 1238 5653 338 2246 4392 2137 7758 3582 7696 7239 2261 3227 1709 3766 5903 4093 1035 7984 1323 4999 3169 7572 2917 3331 4086 1069 7210 1599 1342 7809 4937 4191 2686 596 3796 4879 6067 5910 4338 2200 6113 133 4828 7787 7996 6280 4606 1739 4223 7087 3264 7778 6948 3557 2492 2899 3703 7134 2244 1177 3357 1682 7171 7248 5925 5594 785 359 4500 4488
Route 8: 3674 4483 3793 3252 7381 414 4596 6248 5024 4580 2280 6347 3297 7893 1875 6092 7889 4875 817 2360 996 2936 6827 1118 7142 2485 130 3292 3475 6773 5327 92 7609 6822 5633 841 405 5575 2336 4171 7137 5449 2227 508 4496 3780 5901 3940 5310 5183 548 6967 2679 3977 2382 460 4547 1878 3632 4635 7442 4705 7301 5785 7886 713 5008 6746 5333 830 3647 5142 77 2874 6786 6039 2431 3950 7352 470 1563 1327 1791 768 989 3813 759 7041 6924 1357 4648 5615 17 6102 858 5249 3203 4894 2901 2266 1942 7635 2735 5849 7430 5531 6100 4770 6329 5308 6181 6910 4887 4349 1881 6533 458 1718 1215 4431 3364 3263 6835 4414 5266 3569 1399 7072 2704 5324 2463 6373 542 7931 6411 6445 5881 6468 4144 7313 6603 7493 2344 1637 2443 6031 6975 5222 6479 988 7401 4291 7334 7738 4029 3389 5075 601 3584 2844 7466 5551 2689 2090 5192 1773 1548 2402 7007 7221 7292 3925 7711 7426 2516 4539 4433 6332 7209 5511 4710 7764 6739 3917 5645 5877 1882 7320 6903 6731 1541 6328 2965 7588 4107 5957 4237 1419 7425 3435 5064 7611 4016 6747 4531 7945 7392 3571 1604 4192 4273 7843 2389 2205 535 1540 5282 5262 138 4668 442 7092 7428 1989 2351 3591 1808 1678 1162 3142 2020 7642 7658 3628 6331 1747 2720 5171 3988 2099 3241 812 6618 7484 4560 7581 4646 6386 2396 7740 5247 1569 473 5302 5769 633 5561 3893 366 1037 7908 6749 7419 526 6735 208 7238 6634 6237 5742 3321 6482 5084 3125 5018 6599 4643 2742 3362 2662 6857 6033 7878 5453 6668 3687 2307 6193 4523 1161 3788 2063 7675 5856 3243 6159 7353 861 770 1255 4354 222 7160 7900 3769 2292 4017 2411 2554 3853 1693 7054 7126 787 1360 6155 6989 7127 4274 5732 2784 1263 6477 7621 712 639 680 5119 6342 6400 6783 7131 6246 7038 5976 6313 1165 3194 7650 7688 2944 5739 3537 2027 2465 749 5676 5092 2949 5919 1565 7110 2728 580 7231 4157 1751 4990 1605 7901 7593 2420 6053 3731 1216 7413 7940 1576 2675 3660 1927 7331 7369 3245 5674 4658 1501 2635 2015 5669 6080 6701 7832 5025 6935 527 3015 2895 2113 3574 1101 6494 4447 3472 4581 1211 5236 6816 3024 464 2578 1264 7509 6355 3046 5124 2740 6374 2602 5115 43 6696 5503 7226 3325 725 2953 150 533 671 5811 173 4609 1889 6303 1640 3689 7645 6066 416 7969 2414 5766 4124 781 4952 6933 6309 7554 3309 201 3718 1935 1287 5588 4957 7939 677 3160 1774 169 2097 6963 2055 6419 1273 7473 6843 608 7904 6562 4018 6195 7723 7339 7362 4398 2464 4410 7278 6114 6184 5838 3484 4306 5502 1347 3759 6229 324 2384 550 7058 1615 5927 4178 2963 5443 5130 3207 4320 7824 2564 297 217 2166 4293 1956 3011 3825 5802 6785 4346 6228 2970 292 5467 6882 1788 4857 4935 1777 762 2937 5329 6233 3754 2633 1437 5878 4588 7699 5272 5241 1228 4666 3682 2366 1641 4530 3677 7175 227 1088 1768 7615 1281 2327 7741 3544 5786 6499 7266 3411 7624 4145 4450 4618 7976 7499 5521 961 7180 5396 6519 3149 2128 5056 3755 2642 3824 2438 6413 7562 1694 1982 2747 298 6861 5705 6888 692 4308 2349 4270 1613 7836 1158 79 7393 6815 7049 4756 4015 1507 3662 7737 982 1537 7800 7966 4569 6991 2381 6142 825 6520 172 6297 7910 3613 7978 6862 734 1303 2819 2323 5685 2194 7724 1325 3820 5208 2180 6085 3188 7973 1490 1536 7775 4079 6388 939 1731 6292 4070 7457 7372 4248 5590 753 1772 1067 4364 3527 1127 1302 3464 3602 904 5789 986 1039 5867 2818 7916 7842 1683 715 483 1798 457 7357 7757 3496 3446 2817 4311 783 6985 4297 5954 7335 7560 6840 6671 7411 999 1080 3741 1235 7567 5312 775 6944 2994 7347 4896 3189 701 6153 7333 7861 3106 7146 202 3697 1706 5557 6340 956 6438 6588 2484 669 2529 2934 752 5229 3541 4611 3669 2792 6798 3140 5448 3518 6220 2479 4604 6501 2538 1292 611 1482 7342 5398 955 1219 5760 5866 3242 7587 1201 7199 748 1856 609 3369 7577 2247 6119 5807 275 1898 4922 6894 4517 2093 7475 3540 4945 5072 6350 5670 5442 2522 2110 3348 7465 7755 2320 5630 6105 3090 3454 2847 6607 6652 5753 4859 3899 2502 2108 2744 7118 2714 4803 4281 5306 2656 676 3068 703 7792 7314 382 3747 5793 3201 2696 7439 356 7504 7167 5514 700 6437 5738 1164 1413 3063 5473 3205 322 4449 7329 6854 2273 2705 383 2912 3084 7979 6172 7992 3275 6635 573 45 5665 2743 6800 4435 4902 1586 1354 1727 4796 4870 865 1249 259 2575 6743 4363 2951 6820 155 5721 5155 2012 2301 4960 2612 5795 6392 679 4939 7380 3646 3592 1770 5605 2264 4159 1022 6383 6578 6524 3220 1560 4122 7193 7399 7459 432 4742 4038 7981 1685 5800 4383 1332 1806 1291 3960 4565 4310 1012 2561 6695 1446 3543 2313 7376 2429 6112 1525 6209 6088 4629 2102 4725 7122 6458 6586 1265 623 568 3706 493 7953 2911 7225 1442 4359 1121 1965 5869 3044 519 6829 2392 3200 5486 7011 4577 896 3376 6338 5081 7308 5043 2362 1432 1402 2446 3116 5682 1494 1703 101 1489 2918 4418 1817 5046 7327 1213 256 1642 7346 1200 6629 4561 6850 4377 935 2787 5571 726 2851 5096 7005 764 3112 618 5484 1251 3349 7570 4120 4923 6020 6956 2171 593 3299 3826 1939 4881 7325 4108 369 6210 5837 1553 6541 7812 2630 6734 2193 6481 3128 3810 119 579 691 7961 7960 7385 7257 4771 7528 2181 3673 926 1601 6811 1863 1491 4701 2066 1053 6838 2568 373 3594 3901 5803 2507 4924 444 4790 2680 3993 7001 7513 4041 5843 377 3253 2079 3115 7849 7222 5395 588 5537 1068 7065 1730 2308 3772 883 7780 3339 1530 1141 4800 4242 3946 197 2380 5659 7743 5698 6736 4211 3375 4494 3939 5686 3303 7997 1174 5855 4024 1617 4209 443 3817 2557 1926 6013 1220 6274 4911 6610 4889 2163 1850 5017 801 2790 2434 7515 4872 4783 3402 1242 6848 5567 2527 2052 6176 7928 5858 7651 7078 2652 3401 3752 2774 7052 7139 3419 1821 7224 4353 7045 2435 1573 1321 7034 7441 1603 3882 4194 7598 7585 6718 5472 6474 6431 7983 1513 7066 3929 5321 7847 6319 122 1477 4268 4568 3843 3616 5074 3083 6833 6040 4854 2753 7359 5219 4821 1625 5920 5875 5775 2424 7418 50 860 3758 515 905 3941 1185 5167 5717 5681 7252 3486 5684 6591 3244 6891 454 171 3221 5224 1705 1690 3564 5188 4867 5806 6704 5672 3954 1528 4465 5038 3933 2300 6201 710 890 3104 7286 4692 6174 6573 7694 5138 2288 5834 5835 4142 3316 7747 4282 187 5071 2719 546 1947 875 4769 5637 4892 1006 7923 6152 5393 3973 2316
Cost: 10567.571
best cost: 10567.571
