ACO Parallel Starting with 16 threads. N=8000 K=8 Cap=1200
[progress][mpi] epoca=1 | epoche_rimanenti_prima_stop=99 | tempo_trascorso=0.2s | tempo_rimanente=299.8s | best_cost=15563.041
[progress][mpi] epoca=2 | epoche_rimanenti_prima_stop=98 | tempo_trascorso=0.5s | tempo_rimanente=299.5s | best_cost=15537.642
[progress][mpi] epoca=3 | epoche_rimanenti_prima_stop=97 | tempo_trascorso=0.7s | tempo_rimanente=299.3s | best_cost=15469.061
[progress][mpi] epoca=10 | epoche_rimanenti_prima_stop=90 | tempo_trascorso=2.4s | tempo_rimanente=297.6s | best_cost=15469.061
[progress][mpi] epoca=14 | epoche_rimanenti_prima_stop=86 | tempo_trascorso=3.3s | tempo_rimanente=296.7s | best_cost=15307.537
[progress][mpi] epoca=15 | epoche_rimanenti_prima_stop=85 | tempo_trascorso=3.6s | tempo_rimanente=296.4s | best_cost=15040.670
[progress][mpi] epoca=16 | epoche_rimanenti_prima_stop=84 | tempo_trascorso=3.8s | tempo_rimanente=296.2s | best_cost=14562.946
[progress][mpi] epoca=17 | epoche_rimanenti_prima_stop=83 | tempo_trascorso=4.0s | tempo_rimanente=296.0s | best_cost=14108.566
[progress][mpi] epoca=18 | epoche_rimanenti_prima_stop=82 | tempo_trascorso=4.3s | tempo_rimanente=295.7s | best_cost=13393.563
[progress][mpi] epoca=19 | epoche_rimanenti_prima_stop=81 | tempo_trascorso=4.5s | tempo_rimanente=295.5s | best_cost=12694.085
[progress][mpi] epoca=20 | epoche_rimanenti_prima_stop=80 | tempo_trascorso=4.7s | tempo_rimanente=295.3s | best_cost=11935.257
[progress][mpi] epoca=21 | epoche_rimanenti_prima_stop=79 | tempo_trascorso=4.9s | tempo_rimanente=295.1s | best_cost=11601.061
[progress][mpi] epoca=22 | epoche_rimanenti_prima_stop=78 | tempo_trascorso=5.2s | tempo_rimanente=294.8s | best_cost=11246.766
[progress][mpi] epoca=23 | epoche_rimanenti_prima_stop=77 | tempo_trascorso=5.4s | tempo_rimanente=294.6s | best_cost=11072.677
[progress][mpi] epoca=24 | epoche_rimanenti_prima_stop=76 | tempo_trascorso=5.6s | tempo_rimanente=294.4s | best_cost=10950.335
[progress][mpi] epoca=25 | epoche_rimanenti_prima_stop=75 | tempo_trascorso=5.8s | tempo_rimanente=294.2s | best_cost=10780.709
[progress][mpi] epoca=26 | epoche_rimanenti_prima_stop=74 | tempo_trascorso=6.0s | tempo_rimanente=294.0s | best_cost=10763.739
[progress][mpi] epoca=27 | epoche_rimanenti_prima_stop=73 | tempo_trascorso=6.3s | tempo_rimanente=293.7s | best_cost=10678.271
[progress][mpi] epoca=28 | epoche_rimanenti_prima_stop=72 | tempo_trascorso=6.5s | tempo_rimanente=293.5s | best_cost=10571.138
[progress][mpi] epoca=30 | epoche_rimanenti_prima_stop=70 | tempo_trascorso=7.0s | tempo_rimanente=293.0s | best_cost=10571.138
[progress][mpi] epoca=40 | epoche_rimanenti_prima_stop=60 | tempo_trascorso=9.1s | tempo_rimanente=290.9s | best_cost=10564.213
[progress][mpi] epoca=50 | epoche_rimanenti_prima_stop=50 | tempo_trascorso=11.3s | tempo_rimanente=288.7s | best_cost=10564.213
[progress][mpi] epoca=60 | epoche_rimanenti_prima_stop=40 | tempo_trascorso=13.4s | tempo_rimanente=286.6s | best_cost=10564.213
[progress][mpi] epoca=70 | epoche_rimanenti_prima_stop=30 | tempo_trascorso=15.5s | tempo_rimanente=284.5s | best_cost=10564.213
[progress][mpi] epoca=80 | epoche_rimanenti_prima_stop=20 | tempo_trascorso=17.6s | tempo_rimanente=282.4s | best_cost=10564.213
[progress][mpi] epoca=90 | epoche_rimanenti_prima_stop=10 | tempo_trascorso=19.7s | tempo_rimanente=280.3s | best_cost=10564.213
[progress][mpi] epoca=100 | epoche_rimanenti_prima_stop=0 | tempo_trascorso=21.8s | tempo_rimanente=0.0s | best_cost=10564.213
ACO Parallel Ultimate Completion. Best: 10564.213. Time: 21.858s
Route 1:
Route 2: 3158 7443 6214 5444 4665 2998 6486 1780 581 1652 5311 254 27 7158 2393 7766 1435 108 1584 326 7549 1367 2606 365 1789 5778 4402 5330 7692 518 6211 6679 6559 3512 5819 1334 6148 293 6984 672 5248 4685 1206 2256 7179 7272 1594 7322 7306 3913 314 1082 5132 5338 7911 7355 5061 948 4368 7721 3711 2358 6028 6774 3370 2345 224 4344 3183 6748 6453 5556 2466 6558 6697 6598 1015 2856 707 2285 1414 2756 7422 3903 2070 6272 693 2795 1313 474 1143 6447 1555 2536 788 2029 7204 6128 3064 3562 3535 3344 451 2508 7641 1758 7872 3528 308 5253 7215 2006 655 3936 3415 1431 4959 7541 4779 1847 3041 2562 5591 6064 4817 4253 4855 4509 1018 5271 5201 2425 1415 4948 7510 6157 2282 7870 1647 497 4738 1139 3121 3447 1247 3056 4572 7115 6325 6938 7480 7103 6904 6826 2531 4455 1337 1834 7880 5871 284 2340 5776 5608 179 7377 3153 2422 6226 7780 737 5857 2673 3885 6000 5000 1487 6001 4545 4673 6537 3394 4774 3478 5631 2837 6601 3089 5147 2107 106 7829 5045 1829 4753 6218 1209 3539 1068 7065 5537 7222 5395 588 3993 2680 360 4058 7849 977 5245 4175 2990 2057 7001 4048 7461 7063 2305 6879 7487 2181 3673 7385 7960 1624 5779 1370 6063 1757 4041 2613 5268 6043 2678 1734 4434 3575 5966 1429 643 2237 2542 2573 5004 844 6811 3019 1884 7994 2681 4424 4440 1469 4864 7542 4914 2853 99 7260 16 1111 325 1392 2077 5400 2794 3268 4151 4555 5888 312 4793 6318 7903 3981 4662 3945 5529 7217 1434 1149 4807 3395 1940 7109 3322 7561 658 1433 7803 3676 5750 1756 5607 3910 5275 7854 28 2259 2208 1557 6896 2723 7444 1309 6791 3166 5297 3559 1459 7616 2118 2841 5618 1066 6954 2829 7669 266 305 1571 859 1903 1710 3148 2811 3611 736 1351 823 1461 3744 833 1860 7591 4678 3503 3062 6299 4863 7505 5564 5524 2478 3551 2605 4551 6194 2364 4071 6232 1729 7690 3900 5037 7361 153 91 7227 4355 1505 25 1677 6380 595 7491 7255 987 1208 4109 1076 5067 6324 927 2583 2773 4822 1742 4180 4823 822 7307 2298 345 3924 1546 3848 7249 7749 835 5209 5134 6424 7709 5233 4462 2609 1724 4943 7080 5460 6162 2879 2095 2625 7736 2243 2962 6797 7631 1451 7791 6366 6428 997 5638 1306 1572 2409 4782 5666 3080 3693 2023 6138 7247 4784 5129 4749 3887 7398 4529 188 203 7328 131 4978 4034 6544 7618 1057 7816 6412 407 4686 7140 4598 7796 279 2497 4174 5135 379 4372 1570 240 1778 447 4012 4206 4429 5528 252 1439 76 2287 3385 4143 4724 2580 2724 3990 4979 2519 500 1992 2279 1147 1425 5113 5704 7663 6973 413 2125 5374 6103 2433 2339 4929 5823 4189 653 6487 993 5604 6364 5874 975 1308 4612 261 350 2546 2048 7018 5895 5098 4620 7725 3187 3494 7544 2018 4534 4091 1259 274 537 4304 5085 6804 3727 2694 3670 7782 3437 7993 6426 7340 9 3477 2255 216 6367 3421 7943 4135 6255 5318 7039 3023 1430 670 6258 5860 5042 288 3238 1128 1771 4993 7915 2661 3898 7163 5405 4917 2401 5752 7626 6121 3274 6429 3920 1224 5555 7797 6376 6187 4056 1 1699 1556 1395 2164 7666 4763 2760 6682 5093 5425 5725 2904 2535 1519 7653 7762 3343 2997 2375 1568 4305 5196 3061 3075 3721 3489 5066 4772 2161 5612 7974 2214 4162 1611 123 3729 5656 826 4812 3691 3526 2534 1189 4996 4603 1005 238 4813 6788 2270 1258 3606 2763 1896 7638 5963 4502 5039 3585 213 4814 4608 5727 1589 7051 3915 4811 506 3407 1577 918 6708 161 5021 5034 6160 6790 4851 4912 6185 7563 745 3390 4396 2738 7885 5765 6279 943 6410 2797 3101 3450 271 3884 2363 5203 3416 4179 947 7705 5278 4373 804 5956 622 225 6073 8000 7553 2098 6633 2715 3630 4831 4375 7607 903 2321 6812 6583 2820 1954 5712 3578 4099 3373 6294 7035 1374 891 3986 7891 544 4001 4272 7789 281 78 6395 5620 6711 6625 182 6188 7864 5020 1580 3819 7356 4861 5199 5675 1663 1802 3398 3058 6450 1980 2230 7702 2081 4833 2165 5267 2544 4486 2075 910 1670 5003 2 7343 4601 7201 711 3397 3863 7198 3524 7906 7123 815 7477 5343 6360 229 3552 640 824 4965 7147 954 6470 6341 4055 3032 5435 5695 479 5292 3396 3155 2253 4951 1600 4578 2943 3266 2822 2553 160 2493 7670 5611 5439 1239 18 4412 664 5964 5562 4920 4089 2309 15 4744
Route 3: 5340 4844 5384 7917 1383 337 4432 4234 1842 1649 4472 7068 5516 3265 4080 5884 2394 4207 7765 2726 4137 7852 7274 3692 4195 3856 6178 2549 3601 5187 4640 4094 7946 5787 3634 3522 5184 2942 7424 6141 245 2078 3107 3712 303 6074 3765 7907 5852 2176 1453 2310 4104 7767 7374 3866 5980 4452 3165 5041 3679 1497 1089 7640 7206 1532 7345 5295 6126 5827 3108 5703 7316 3286 6876 2755 6620 35 1887 1518 2368 7600 882 3994 1952 2331 5463 6326 1839 3548 4704 7013 226 5380 4610 1426 7672 6945 1471 2932 1852 368 4222 3511 1838 5109 1960 3964 2649 3976 3579 1106 5287 3113 4117 2967 4583 3787 4856 7952 4621 6647 7026 2032 7633 2514 6980 3560 7770 2664 612 1072 5305 6252 2528 4238 166 5112 3704 2629 4 317 1830 186 3347 3565 4473 5200 2651 599 5156 5568 7086 143 7825 2210 3876 899 7348 6847 1227 4871 7546 1467 4575 1973 5692 4537 4626 438 6111 1628 5210 7326 2631 2314 1240 4049 4499 2733 4169 127 3583 7056 1496 5235 6546 6810 1099 2337 4721 2153 4188 7185 2211 6241 5949 3855 3890 4161 1315 2550 2897 1753 411 1503 357 3001 5288 264 3488 114 340 6700 6962 3042 6457 2608 7578 2611 4524 232 2294 235 3927 7569 6475 5719 5791 2666 2734 436 2731 2644 4235 462 2343 5762 4329 4613 6302 5027 674 1870 6814 4314 2329 1060 2475 3846 3212 3957 786 2419 6925 5013 487 250 3553 14 4743 4695 1769 5232 6251 1198 3414 7125 998 7042 5117 3363 6858 7431 2860 4949 716 6795 6244 2037 5058 58 5445 1978 6672 39 4103 7540 7564 697 4997 3652 7402 6799 3860 5566 4393 528 481 3034 6941 4645 4376 6877 4921 4506 4915 3730 3078 7919 3022 7768 1040 4480 7016 7309 7121 598 7883 4006 1588 5035 5430 1470 3739 5370 1191 5323 5065 3840 3433 3119 7583 6982 5193 4033 4757 3004 4203 3283 1250 7021 577 2598 7236 7523 3690 2187 2014 2684 3202 3807 4003 6604 3300 698 4810 6923 3695 4081 5694 5104 4837 6901 1352 1036 765 1152 2663 4153 3661 1023 1032 5780 3151 3291 6466 3130 1277 1921 687 578 3073 5623 5481 4538 47 7288 3413 2885 5559 2637 3333 1888 2328 7188 283 2058 3951 4573 4647 5153 3273 6922 7685 6090 3509 757 7649 7573 1725 3298 5071 2719 546 5774 5175 4021 1947 4282 187 3593 7485 3059 7744 5173 1009 5019 1214 3715 3323 5076 7614 6869 3353 5816 7876 10 2170 1574 1418 4391 3261 2971 1038 5993 1479 1003 6052 4030 335 450 6687 3236 2926 3465 7253 2240 6070 1524 5012 6898 4799 5424 2624 3324 3865 6397 3057 1369 2117 4129 5204 1925 6767 739 721 4404 4294 5716 191 4065 7189 6737 5830 5887 916 2174 5928 3534 3417 6346 2777 7756 1701 4988 1844 4401 6552 7773 5462 3453 2430 930 6320 4123 6738 803 7518 1997 2813 5639 5010 6050 178 792 6462 5368 118 6771 2920 4540 6947 6707 7106 4708 2046 6166 7077 6310 5206 4303 6163 2826 1329 4716 5474 5897 5790 6025 3763 6926 3837 632 2960 6500 2229 1528 4465 2013 1510 2300 6201 5038 3933 890 856 6098 7233 2838 7300 3127 4196 7884 2977 2548 4930 7656 3221 171 1705 5224 3564 3550 1840 4352 4313 6365 6540 5632 6454 117 5870 3640 1614 2222 7662 6808 3888 7970 145 4350 1987 1307 2834 1027 2293 403 6590 6123 5755 6918 4062 6644 469 1861 5138 7694 4727 710 331 751 5891 1914 7332 1241 4732 2398 5491 779 7912 4995 6514 6640 4860 3215 385 4343 1609 3066 1387 6197 6260 7612 1118 4288 6981 2939 4550 7100 5088 61 4485 2585 7751 5315 2087 5995 2683 1636 3545 4503 869 1064 541 6391 4567 488 5164 6881 231 2408 471 7244 5355 3072 5077 3653 6024 2198 5595 616 4267 3399 3649 7529 1030 1463 778 195 5586 135 6051 505 4590 938 5361 5583 2647 5421 5794 5244 2082 6608 5905 5982 2711 7937 6415 5144 4492 3350 4623 747 4707 7697 2615 3874 2770 2417 2242 111 3554 6505 2761 4184 5814 7788 600 4689 418 7785 2415 7718 5709 2671 248 5530 1893 4605 2000 5360 4865 754 5678 1203 3177 2306 5938 375 1394 2881 4296 794 2178 624 6217 1712 2922 1232 522 289 1800 1832 2986 2721 3639 2445 4072 5989 7337 995 7242 4501 889 980 7557 4987 7648 660 810 2175 3405 4084 5477 2192 3869 5722 3745 959 5428 5813 2275 1736 3026 267 3316 7747 875 4769 696 4661 1959 7438 733 5997 6406 22 5597 3365 4786 6490 290 4142 2582 7098 6549 486 5309 6582 5657 4514 6301 3093 3051 2179 4801 7164 5770 177 631 2114 614 7750 7269 514 2948 6026 3829 4797 1210 3974 3123 2146 1016 1113 6235 2017 5757 4136 258 3656 6853 5661 6122 151 1991 6719 3013 1867 3181 790 5952 3383 4591 1070 401 907 4134 2277 2798 832 5690 1336 1261 1907 1284 1871 441 2823 4257 5539 4892 3980 2225 7580 4624 4470 7536 1269 7676 6308 1814 7772 1236 206 2233 1631 2855 6670 3791 7830 3590 5391 6277 2141 5679 5468 1181 1698 6886 1733 2739 1002 4876 5984 5706 3838 7214 3161 2418 7358 6675 6622 3483 4684 7925 175 5637 1797 4453 4736 1159 121 7957 1405 1835 4546 5160 2634 7831 5981 3926 3422 4356 2556 3474 2067 4300 1963 6752 311 919 3391 5979 1561 2428 7250 1182 1268 4283 3871 4532 7186 6667 3315 5356 3403 6526 4088 509 4867 5188 6704 5806 7855 6250 5835 2697 1078 718 1656 4825 3351 7498 4818 3120 3480 7644 2474 7899 6014 2427 2182 6461 750 1874 1981 6183 1743 4022 933 7682 2460 1812 1436 4700 3228 1593 5186 7860 642 7375 2657 2925 2045 352 3577 5108 6339 3985 3883 1478 1827 1049 251 7230 7370 689 1590 2906 7354 6151 3615 6936 3355 2745 6109 2272 3667 2961 5382 5944 4762 2228 4035 6758 2296 5889 4284 4735 5892 6866 5475 1148 3794 2143 760 265 7868 2250 5079 4202 7732 6759 2533 2588 1084 4748 1363 4755 1653 3566 3912 5284 3909 2049 4330 4883 2980 2388 6525 7241 2136 4246 4510 6044 4278 7486 4256 6745 3081 5948 484 7913 5868 4484 4971 2459 5673 4899 920 3629 5714 2440 3087 1786 5931 1722 3156 6357 3930 5139 661 5214 3174 838 4780 2966 2835 7507 3849 3055 2584 863 2913 3378 3358 5962 7243 2483 4897 2288 5834 1283 7695 782 2607 730 6733 1690 3079 409 6164 7856 1499 4421 6087 4535 5610 6573 7286 4692 6174 2213 5106 3104 5672 3954 6674 1427 6072 2952 1116 3641 5885 2596 7172 218 4339 2105 6173 2405 4285 5149 2845 2810 7620 4734 4342 4073 4430 1481 7774 1979 2757 320 5707 2134 1715 5319 5598 6934 6407 1606 3070 6107 5935 1288 2935 7936 7821 4746 4906 5390 7625 5254 1375 7254 4239
Route 4: 7289 6628 3368 1123 937 6363 1046 729 5487 547 3102 3992 485 766 7290 6464 6451 2469 5022 5833 3137 1689 6186 4323 6192 255 315 4426 355 386 7833 4733 3047 3801 5362 4589 2206 1085 5831 3815 7387 3536 2900 6617 2758 3338 5983 2120 774 2173 6503 3705 5317 6202 6940 7157 6127 4227 6267 5418 5359 6859 2989 5978 5798 5829 2610 1095 4406 1396 6469 1485 1353 233 6286 5350 7534 6957 7565 7095 5146 3797 3288 1483 6694 4317 5213 1619 6931 4711 7652 6305 1539 2767 3305 66 5044 7693 3835 853 7455 6681 2085 7245 4649 4950 6006 7046 3775 5212 7801 7637 6061 7116 1115 4292 7112 7451 7275 2788 5667 6565 3346 5735 5179 7382 7533 5189 7527 6813 5541 7208 6065 6408 2444 604 6776 3251 7338 6427 1662 7450 455 1331 7000 5007 5002 489 7434 1737 4218 103 3443 3642 3198 7004 4013 1230 3060 1930 6778 3143 6988 5542 7914 7853 4233 7716 2060 2521 1966 755 1735 3135 5298 6710 2523 3580 3213 2871 96 5432 7093 6580 3897 3290 4266 26 6721 1805 4655 196 1122 1346 4460 20 5369 1237 879 5683 3674 4483 728 1462 566 4751 6637 3771 7944 7002 2972 663 5917 6444 1441 1919 843 7148 1668 2461 3164 5258 2833 3595 1296 6684 110 4155 2886 6403 5242 5162 1975 1500 638 521 2068 3841 5961 1391 3589 4802 7661 991 7 64 1895 6626 5150 1300 5457 7037 1809 147 6915 880 5454 1422 7330 4046 6831 75 6805 1371 4891 3895 7414 7681 5086 4026 4632 2905 6504 4785 4973 2036 6062 7256 4454 6927 3701 3665 4405 56 5969 4158 4476 3663 6754 5447 2599 2426 5788 7988 2815 2725 2513 7470 6538 2659 6913 7597 1452 3962 6744 7977 901 7427 3136 7159 3549 4775 816 2454 4255 6871 4884 44 492 7879 6902 1202 6509 7500 7962 7543 7453 3278 925 7040 6483 3012 498 5080 4639 7489 6012 4443 1551 7211 7261 1761 5696 1744 2672 1764 2858 2033 7818 3428 7351 5959 2891 1567 7643 4849 985 5040 7299 2930 3975 5664 3706 2764 6651 4495 6564 2592 4652 2102 4629 3210 3476 5926 1657 1243 2100 4925 3881 1776 2749 867 501 4441 5527 2703 1272 5574 2959 2044 908 5215 242 6832 59 4114 5810 7942 7279 4101 3271 2390 5190 5412 1267 1135 3816 2880 6724 1965 3044 6829 2392 5869 3200 1382 2892 2565 3683 1384 1389 6224 7464 2235 2238 4760 4459 5932 4316 6125 2115 625 3928 7237 4739 1348 4204 1620 6381 1595 1713 3547 5523 1343 5601 3931 3412 6872 189 6291 212 4068 5648 7761 6912 3823 4858 3289 7951 6970 5174 141 6049 437 1428 1495 5265 3991 3726 5493 6300 4011 5498 3206 4075 1229 5534 5300 5148 4628 5520 709 86 6663 1639 1187 5740 6035 6592 3493 2545 7047 7235 605 5458 5593 5 1096 4276 6097 848 5250 376 4131 5495 2776 120 4361 724 4413 4913 6287 678 6312 4333 4977 4347 2241 3481 5218 4730 4008 3334 6156 6890 5294 940 4105 2653 433 5469 1719 1950 6345 5873 2682 7105 1602 613 4885 4388 2449 7895 1097 2374 1915 1299 449 1795 3842 7576 6190 4095 5599 7622 6362 6692 5102 5906 1545 6179 5545 1951 4980 6027 6368 6441 7079 6349 4000 6206 3146 6046 3000 6515 1929 1692 7794 7062 2978 3626 592 2718 4579 3570 6182 3436 3468 363 5375 2226 6978 1506 7848 6019 5581 3798 4898 2276 3720 2887 2203 6369 3231 2140 3657 46 4634 4541 3821 4156 7196 7623 1912 7841 2009 4614 3179 1098 1945 3424 4676 2741 3409 4032 5255 2766 1527 2543 5501 5090 3700 7273 2217 496 7240 2576 6763 6041 5497 2993 6023 389 4791 4663 5525 3050 557 140 2315 4201 4752 2489 2808 3184 1004 4834 6836 2581 2975 5504 2639 1188 1464 3154 1920 7933 3247 6180 1062 981 4880 6690 5937 3420 344 3192 3328 5459 1438 2601 7494 7315 7894 6169 1542 6371 3698 4699 7530 4765 1362 5642 2152 1175 1410 3603 453 2805 1086 7531 6722 3031 41 5912 4552 1721 1498 1102 6796 4520 4045 4039 6757 5552 421 2660 5585 5436 648 7815 7579 7995 2859 1962 4299 1646 2477 4962 4602 2541 5231 1972 3777 6905 1879 1450 2500 2031 3966 347 4927 6993 7927 3989 6550 5975 5492 3225 5517 5549 2377 1398 5554 3877 2614 2593 1517 139 979 5320 7728 1054 3088 7394 952 2828 6557 1516 1204 2848 2283 3359 5988 6994 6496 4904 571 7283 7053 2316 3973 7009 3678 380 2685 2338 3049 3793 7471 2071 6068 738 2699 4941 7168 7689 7729 3782 6245 3997 6484 872 4193 5466 4186 394 260 6802 4249 4369 7745 4777 3504 7341 3836 1339 6768 371 704 6135 1675 3147 3218 5563 156 2816 3470 1996 4558 7271 3875 6099 6150 5246 7845 4259 3252 19 3542 6271 4597 7923 1017 400 11 7566 4827 5930 4505 7522 562 6170 2938 6152 4451 2122 6037 3327 1079 1622 1041 5283 6885 2708 3387 2278 4873 3281 3563 2145 7203 5777 3180 561 5836 5433 494 5023 4660 5967 5047 6958 1681 4888 3857 5763 7739 6574 2701 5440 564 2983 6231 694 7657 4054 5606 3760 4787 4553 2127 6972 7220 4703 4083 4926 4559 7089 6929 3538 1587 1192 5182 1708 316 146 1104 2043 7999 5783 2555 4219 4252 128 5078 1833 809 6512 7433 2481 1970 4118 5363 1081 1043 3774 7786 7814 3459 6078 7730 5850 2778 3258 6779 1784 6489 685 5411 1704 3028 4027 6893 6030 6851 1406 7710 1000 6204 7998 6875 5159 220 176 2638 269 6892 6485 6343 3016 4076 6430 970 3239 6648 6414 4522 3783 29 1813 3336 6706 7107 4847 7874 2406 246 4815 3880 746 6091 4028 6079 7972 4198 591 6285 2080 4381 1404 7462 7735 7753 7495 7519 4657 395 2223 5746 2698 7810 4944 5893 6536 4042 6616 5057 7934 7857 1376 2867 5635 6372 5377 4295 7298 6997 6966 897 2617 4010 1153 7184 5176 6443 6596 4020 4819 4933 6059 5922 7136 4456 4416 5379 6264 5687 7467 3969 3326 6653 3845 3968 7538 5259 210 992 2579 1047 4439 6880 2472 5410 5689 6154 6058 7949 5406 6358 5650 6133 3935 4511 2010 551 7858 7985 6198 7959 4975 180 5496 2643 87 1627 4217 7120 1650 445 2693 7929 6977 829 2995 7023 6009 5378 892 1234 7488 4181 3036 306 268 5797 2716 683 7754 740 5820 420 735 7396 7520 2842 3572 3294 4436 742 6730 1150 7759 2566 3157 3105 7403 1021 4150 602 1194 5616 1423 3803 6889 349 1928 6493 6643 647 5538 5366 4370 7234 5126 5393 6664 3185 6873 2862 5482 1006 5812 5314 7024 3318 5609 429 7752 958 6449 6439 54 5301 1666 2201 5711 7452 7511 6584 807 2086 1864 2589 4287 7909 5890 6273 5700 7811 30 2924 4004 1051 2512 951 3761 7865 4875 7889 7719 3287 3686 4417 3214 2026 6968 5914 6755 1293
Route 5: 572 5464 6212 7368 5953 5441 273 3255 1858 6809 7722 1993 6017 682 6333 2021 4564 3096 6422 2775 2312 1486 6149 4627 6203 5326 6943 555 4795 6334 2111 319 7246 4146 6631 2271 84 2824 2618 7521 490 3110 3371 3134 576 215 1533 1957 934 7031 2803 7318 4667 3260 2076 1691 6656 2916 3996 645 1655 7284 4630 6322 5125 6646 1967 6705 2732 5815 1190 1922 4672 4688 7955 3822 4187 1810 3792 3947 5133 6465 3982 3037 1248 7192 5619 5580 827 5636 6452 5662 668 6660 5158 4301 820 6621 7834 4697 475 1723 5049 517 126 3500 6175 7454 1762 3889 7135 3696 5602 4176 924 3463 2898 851 5429 6987 3021 3009 5560 1178 6534 3914 2062 5367 769 2232 791 1726 5974 1421 6353 3199 5116 6234 4669 7769 597 3864 2691 1745 886 1401 1246 6389 6916 741 282 6463 4394 1941 4445 6762 2903 364 3644 3224 6914 4513 4754 1779 5062 3597 2291 6387 4840 7639 3356 5451 4132 194 507 6083 4909 3736 5234 4220 6093 2941 2311 1458 5290 6095 2981 4974 7920 4574 3082 3025 3460 5558 5163 3805 4846 5388 2518 4290 7229 4877 1716 2868 3170 1286 5211 3345 805 6569 4478 6742 287 4243 2648 6293 732 5332 2604 1819 1875 7893 6092 2290 7010 3131 5026 6678 7259 4140 7421 3995 847 2280 6347 4580 3297 7324 4969 552 5402 6952 727 1910 4596 414 7381 6248 5024 3381 1793 5296 6057 7501 7416 7395 1314 3499 7137 3335 3658 1680 1990 950 6961 5449 6069 3429 2054 5901 3780 6887 5567 6848 4783 6919 3240 4496 508 4712 4125 5052 6665 621 1322 976 1566 4563 6254 4232 6337 877 3999 3833 4216 5016 1502 7153 5386 70 2780 5322 1493 6502 2650 7720 2622 4868 3279 423 6216 219 2821 434 1995 5547 1552 2297 1697 4989 2503 6669 944 1751 6222 5489 6556 6686 7420 1144 3614 336 2688 1393 2515 1324 6716 5584 2921 2665 304 454 374 5720 1048 7558 3432 7478 390 1262 165 3045 7212 2387 1968 2850 6807 68 3094 921 7028 7847 3929 6474 6718 5472 7413 7940 1216 3731 6053 3660 2675 1927 2420 7593 7369 6431 6319 7926 4759 4031 536 1576 7598 7585 2473 7516 6409 5152 4893 4097 2987 6839 2003 4106 2674 7898 1110 5426 6227 1075 4230 5403 3197 163 2084 200 1616 3764 3386 2632 2870 6760 3795 1985 3043 3942 6323 1529 4886 7674 7901 1605 3717 4990 3574 1101 4157 2728 7110 580 7231 6080 6701 1020 3138 5025 686 785 5594 4431 3703 7134 2492 6280 4606 1739 5222 6479 4291 988 7401 7738 4029 3389 1727 4796 6373 2463 6411 7931 542 7313 1354 5324 2704 2443 6031 4414 3364 3263 5266 5621 3596 4194 6948 3557 7778 3264 5075 601 4223 7087 1942 5849 4911 1220 6274 443 6610 2735 3817 6013 1926 2557 4209 1617 2416 3939 3946 197 2380 7743 5698 6736 1249 259 865 4870 2137 338 4392 2246 7758 3582 5910 4879 596 3796 4338 1773 6743 4363 3882 2951 6820 2575 7996 7787 4463 6396 1215 7897 2899 1718 6975 6835 4382 2547 4981 7171 1682 3357 1177 2244 7248 5925 6547 5824 858 6533 1881 458 6910 4887 4349 7635 2901 2266 5249 3203 4894 2200 6113 133 4828 6102 4648 17 5615 1357 2482 5697 3226 3908 1278 6165 2330 801 2790 2434 7281 5017 7873 4279 6928 2249 6472 6283 4335 6878 6158 5749 7726 1859 2527 5308 6181 3402 1242 4872 7515 5310 3940 5347 1052 6683 4770 6329 1645 6176 2052 6086 2061 6789 359 4500 4488 7397 2964 3752 4309 3502 299 1274 5051 3015 527 6935 4953 2399 7619 2895 3609 5847 6171 585 7379 2722 1172 7575 2985 1196 1171 1091 2923 5376 3938 3776 7807 3254 4498 5321 7066 1621 5263 7295 717 860 1279 5775 5875 2424 4100 6770 6777 5479 574 4942 4437 6539 2110 2522 6119 5807 1898 275 1512 3141 6425 4910 4258 3965 7156 3003 7746 5420 7514 7859 5177 3919 5622 2502 1403 6543 4830 5095 2386 3808 2620 3728 3899 2572 2354 6624 2878 4466 468 2714 2744 7118 2108 5958 2367 5416 3532 7415 828 7044 6137 2376 333 7144 2713 3724 6047 1999 1093 6900 5105 157 2324 4584 2600 1356 4776 2410 7194 5357 2041 6116 2873 3955 7228 3521 137 3232 1550 393 2929 1746 2933 4515 6136 7840 33 2212 5900 6740 2667 7389 7091 3354 7022 5828 4069 5304 3558 5455 5728 5894 105 5143 1449 3086 410 4714 1876 6336 4214 5918 1297 2827 2768 3269 7799 4747 459 4803 7390 1659 4165 2676 4281 3186 7863 5626 6780 6613 2403 1138 1301 1824 3983 7082 5973 3648 3242 1706 2447 3514 5557 956 1856 6340 6693 362 5759 3217 5582 3431 285 5955 1836 4516 4773 7070 1151 748 3627 7199 7587 1201 6117 7406 3426 3749 4051 5760 5866 3697 5792 1388 5136 3444 4625 1958 928 3461 202 3106 7146 2529 2022 1117 5471 7435 6723 378 3330 1295 5344 3943 5274 5141 7036 3896 2852 1750 367 2730 4380 6282 5767 7954 7463 343 2247 609 3369 7577 5809 6261 3894 6040 4854 3204 170 4767 4326 6555 4821 1625 1114 6794 7418 2051 2172 1509 7646 695 7795 6894 4922 2641 2893 2865 2594 4357 5225 7391 5341 3688 7119 2486 7465 3348 7755 1520 7783 3018 5091 554 3746 7707 7875 1811 888 6038 3758 6792 3196 4215 6939 5082 857 763 6350 5072 4945 3540 4190 4961 2532 5442 5670 2093 7475 4517 7059 1984 5972 7687 3117 931 3233 2089 49 2753 6638 2809 1465 1936 4025 2269 6551 1515 6519 7180 5396 1694 7562 6413 4618 7976 4145 4450 7297 7499 961 5488 5056 4164 3767 4332 3406 5316 3756 7835 7603 4090 6199 7624 3411 712 639 5119 6342 5786 6499 7266 7621 3544 2327 6257 7615 1281 2202 1768 1088 227 1641 4530 3677 7175 2366 3682 5544 4585 6655 651 3702 5178 4659 3668 4254 124 813 7941 5473 3063 3205 7025 3684 1977 6042 5099 388 7458 3781 2119 4449 2207 4666 5241 1228 4615 2371 6379 6311 4758 7930 6066 1640 3689 7645 5737 510 2055 6963 6419 1774 6229 324 2384 1615 5927 1273 2097 4957 6843 169 1808 1162 1678 3142 2020 1821 7740 3125 7992 6172 7139 7052 6386 4646 2396 5247 1569 473 5302 633 5769 208 3321 6735 6635 3275 573 45 6634 7238 770 4354 1255 3853 2554 2411 6159 2774 6816 1693 7054 7126 3325 7226 5732 2784 6477 1263 6303 1889 173 5811 725 533 7969 416 2953 150 7878 6857 6033 2662 3362 5453 2307 3687 6668 4609 4124 4952 6933 781 3160 7939 677 5588 1935 201 3309 3718 6309 7554 671 383 2912 4643 6599 2742 3084 7979 5018 787 1360 4274 6155 7127 6989 6696 1211 5236 5124 2740 1264 2113 842 7832 2635 2015 5669 2027 3537 3046 6355 5115 6374 464 3024 2602 1185 5681 1477 122 4268 4568 3843 6833 3083
Route 6: 1591 3293 5277 5505 3573 4687 5600 2751 4263 1988 6081 911 2289 6240 184 6995 3162 2857 983 2955 4592 4467 6433 4121 3533 3719 6516 1310 301 4407 6036 5748 2846 4670 5950 7892 6511 1969 5970 5252 3482 4808 7152 5243 3961 4571 3246 5154 7069 3462 5968 1592 1193 5804 2064 247 4264 4286 5404 5519 5349 3008 6845 168 1679 2236 7076 4009 4481 276 4251 2928 1420 4225 4115 1994 7055 4047 3949 7232 953 2397 1688 4247 915 7094 7871 221 1748 5741 5951 6720 6262 1180 7517 5817 354 4059 1549 7826 795 1908 5772 5331 4327 3806 7177 3959 1484 98 7032 40 1760 4262 4163 32 5745 3469 1133 5729 5015 4653 1013 4241 3030 7014 4420 2524 53 1335 1107 3827 4525 6167 1732 7613 1061 4111 5490 5668 4521 3216 4694 7202 7280 1103 2361 3948 3497 3195 5185 2347 5896 3122 4600 583 2318 2470 4852 6897 1034 818 7713 5401 6593 706 7468 3650 1390 3507 6666 1899 1028 1408 2439 5715 7850 7285 109 1163 4005 4197 6054 3516 543 5522 7776 4260 5805 2800 3972 6236 7660 5339 2677 7029 5718 6714 2109 1026 7085 5921 6249 3448 3048 125 6765 1983 1766 6567 3400 7216 1260 864 351 7405 3176 1707 5381 440 3471 3811 1257 7336 4489 1014 2736 4679 495 7647 7571 205 3074 4261 1585 5227 6563 1644 3191 4677 7145 1823 7655 5419 4938 7074 2457 1056 1218 1025 2551 4154 4722 5572 2537 5110 263 4224 7733 6577 154 6834 627 5335 1364 5879 2191 5643 960 7665 5408 1280 3425 6937 3017 3618 7882 1055 2139 4060 12 720 1583 6048 6662 6594 532 1623 7130 7763 295 675 3440 5279 4160 3329 2577 7890 2476 7760 5166 4901 6518 4690 6974 2974 6960 6029 1443 2035 2727 1596 4067 4170 1225 3708 7187 5006 2096 772 5364 5005 1424 2888 4533 5859 1894 7963 5844 3490 152 1008 89 6899 2488 2491 2946 7303 7113 7064 2322 4043 5822 6207 567 6045 1492 1720 5423 1873 2658 4766 7935 1223 2567 5911 5216 4895 115 1883 723 3302 1826 5337 1445 4487 6677 5348 5151 257 7084 5053 7197 5373 3167 2092 6753 7698 5596 7712 1535 2931 158 1700 1146 7117 5784 5614 4848 1799 3505 6008 4622 5036 7265 3567 1672 2028 6680 4446 3872 3599 7965 5509 569 7384 6071 7905 2864 1961 870 6434 1266 629 7183 3250 4843 5680 4706 7173 6632 4324 4594 4280 5269 6168 5009 667 878 719 881 6321 4269 5399 5909 6986 4641 7440 7267 4638 1976 3052 381 3272 3039 3410 7701 3374 4966 637 5285 2616 2437 5569 6022 5628 1456 6056 2830 6268 5532 424 3870 2016 174 4423 3742 1855 3655 2451 873 2295 5281 6818 3178 7182 2357 2400 6270 431 82 3361 4616 3306 5180 134 744 4119 1183 6895 1221 7537 7610 3757 7508 4113 957 3800 7601 1916 6096 5773 4936 6018 2799 4497 3671 4098 6146 6841 3317 4302 5821 3427 5371 5987 7771 5508 799 5526 6253 1100 6016 3617 3812 4397 4092 4737 1074 7630 7502 5169 5342 5256 5688 7731 6527 5570 6306 234 4493 4479 3868 4298 6750 5818 3605 6532 6522 7073 4199 4918 2159 6782 3520 5576 1740 7161 1105 7673 5883 5476 6476 3608 2804 6327 565 5713 1787 1155 2695 502 1411 5971 278 2831 512 5251 4836 7143 5533 6824 228 3932 2342 1167 5001 4720 5059 2510 1531 3007 1199 6630 1946 4061 7964 635 4866 1166 5513 1373 634 3723 310 7734 7525 789 7083 3809 1597 5237 2126 5161 6942 3725 1741 4512 3342 4082 2866 4036 5641 477 2530 223 1330 398 2956 313 3152 1120 159 1661 7408 7512 540 5073 2707 7407 4464 1901 5230 3284 2216 4619 6284 984 6471 6473 2499 7469 5644 5627 4240 3452 5351 884 4037 1271 630 2263 3523 4556 3607 3065 4321 5415 3172 7006 3620 3038 5032 524 1696 708 7088 3337 7460 1862 3100 4698 1794 7067 3445 876 3963 1472 2007 7448 2737 430 6623 4984 776 3067 3295 4345 534 3124 3234 3451 57 5573 5540 2101 6725 2786 5753 6652 4859 3367 2320 6105 5630 1781 5205 6676 6803 1440 3905 6221 2341 422 2218 3479 1312 5050 5578 4126 6304 2168 4729 341 1775 5882 81 3182 6289 3132 3834 6932 6055 4312 4903 7138 3659 237 850 1142 949 7142 1231 92 5327 5575 405 3475 6773 7319 2936 6827 6523 817 2360 2692 6764 6553 3645 6442 3292 130 996 6822 5633 7550 330 2135 5394 4408 7017 5276 3296 3311 5307 7213 1559 3750 6278 2227 1905 2336 241 4171 841 2485 7609 5385 277 7321 3159 7846 7492 5437 6528 7968 3733 2973 7798 6819 7932 3090 3454 6607 2847 3230 849 3587 2996 5229 752 2934 4778 4693 2994 6944 5465 7347 4896 999 1319 2628 5127 4954 2854 6657 560 2039 1033 7446 6784 5747 6772 2793 2421 7030 4723 1184 5793 3201 5943 7268 4250 2861 659 6990 7504 5934 329 4850 7162 3859 7802 3307 4792 2462 1610 2448 5328 4507 6015 5312 5470 3301 945 4789 5845 2262 4691 7851 4983 4696 7823 3173 6985 783 4311 2817 5100 1328 7200 700 7978 6437 808 3487 3464 4248 7457 7372 5867 1039 4364 5590 6862 734 1303 4070 1067 1772 753 1127 1302 7057 2442 104 626 3341 5191 6129 6615 7263 1145 5947 164 37 3850 406 7548 116 4805 6955 7956 4631 5512 6641 6011 1558 1083 7922 4307 3014 3743 3020 4116 6143 4680 7737 3662 1507 650 2877 4438 5334 793 3282 5226 4715 7742 6953 5842 2395 7877 530 1197 6579 2496 6854 2919 2326 7329 2563 3847 2968 1949 874 525 2712 214 6375 6316 7075 1714 4366 7741 2005 3340 6191 3111 4968 2353 6595 6400 6246 7131 6783 7038 5976 6313 43 5503 2063 3788 5858 1943 1637 6445 5881 6603 6468 4144 2344 7493 4017 2292 6115 7651 6344 6478 7287 7928 2652 7078 3401 7900 3769 7160 222 7353 861 4447 6494 4581 3472 7675 5856 3243 361 6295 3916 5257 4102 1168 4341 1904 193 6084 6865 5782 5862 7430 5531 6100 5183 548 4183 7524 6205 1044 6645 3513 3139 1174 5855 4024 460 4547 6924 3103 7997 5686 3303 7041 7170 6460 4804 531 5646 2234 4242 4562 4800 3010 1195 3543 309 7629 6732 2796 2883 4682 688 4636 2759 412 4595 6088 6209 6586 6458 6112 7011 7122 4725 7376 2429 713 7352 6219 2040 582 768 1791 1327 759 989 3813 5940 7349 1011 470 1563 3950 6077 4947 5157 100 1676 5506 568 7924 6436 4991 3873 2188 4934 4644 3235 3998 974 1412 3918 2772 5137 2034 684 3495 2984 5658 1825 3379 3971 7980 2104 60 7602 4185 2591 6907 2467 1803 4986 6636 419 5240 3277 2558 4053 270 7784 652 74 4768 3619 756 6239 6290 620 3625 972 7020 3862 7574 5413 4518 2219 1971 2748 5640 439 4228 5270 7169 5751 4790 4471 3891 6440 2560 3109
Route 7: 5228 192 4040 6874 1358 4457 7982 6597 5280 5417 2257 714 1169 5383 7989 2413 3097 3492 871 3035 3404 2370 767 2379 4992 3773 6356 4527 7958 6781 5863 2154 5111 7432 4442 558 2670 7472 6459 476 3804 966 5365 3223 5726 2458 3751 6021 6247 4536 4490 7886 5785 7442 2383 31 3632 4635 1878 2372 4958 1850 2163 4889 1820 183 5603 7817 2382 3977 7301 4705 6967 2679 4494 5659 3375 4211 426 1543 1717 3588 1012 2561 6695 3169 7572 3331 2917 7210 1599 1342 7809 4086 5043 2362 1377 6256 7308 5081 6338 2088 7838 5518 6393 5550 6032 6571 896 1432 3376 963 1582 2890 6965 467 5903 4093 4999 1323 7984 1035 4310 7380 4960 7239 7696 2261 2090 5192 6067 1548 7007 2402 4539 2516 7426 7711 3925 5551 2844 3584 7466 155 5721 2012 5155 2301 2050 6332 7209 4433 969 6398 1238 7990 5548 5653 7684 6467 761 4122 7399 7193 1332 4383 1806 5494 2590 6529 2369 2552 1022 6383 6578 6524 2612 3646 5795 6392 4939 679 1770 3592 5239 2991 2636 5414 3970 7317 2910 7223 5965 3029 4916 4139 6094 5655 7456 7947 798 5389 4152 2284 2412 3380 5701 272 2224 3027 1140 4409 2909 7312 3967 6864 7808 2621 3256 5165 3851 5063 5941 7605 6491 5456 5865 3118 5313 1749 5577 868 4428 2160 5536 2373 7691 1687 6082 7205 6575 2352 6906 3600 7388 7806 5510 4794 2281 6909 4002 6005 472 67 6446 1851 6850 3515 1460 1638 7586 6629 4561 2183 840 408 2889 6868 7090 1897 4319 4085 417 4617 5446 4277 4328 657 6627 230 1974 4057 5168 4967 5114 7474 4064 1132 71 2350 3053 3530 2258 5771 6830 4172 2274 3219 23 5625 2267 5122 3467 3501 553 3832 6075 452 348 2265 6517 4166 6132 2940 4422 649 3270 628 7102 3707 1119 2325 2455 3267 7436 5617 1252 6837 5756 1578 1998 4832 6361 353 1042 3220 1560 4159 5605 2264 3002 1913 2689 5877 5511 4710 6739 7764 5645 3917 1321 1882 7484 6618 812 526 7908 1037 3893 5561 366 4902 1603 7441 7292 7221 7072 3569 1399 7334 1586 4435 2743 5665 6800 7419 6749 6328 7320 6903 6731 1816 1890 6911 6259 318 4400 3308 917 1087 3604 7258 4128 7459 432 6307 1685 5800 7981 4038 4742 3163 4907 427 3651 4824 3229 936 1534 7276 6225 7282 2221 1338 1473 3802 499 1785 5054 5422 4374 7824 4320 5130 3207 5502 4306 7092 2351 7045 5262 5282 1540 6228 6184 6114 7278 4346 5838 3484 5443 2963 3586 6971 923 4668 442 6331 1747 5171 3988 2720 138 2099 3241 2435 1573 1419 5957 4237 3435 7425 4107 7588 2965 4560 7581 3628 7642 7658 5766 2414 7224 3419 4353 1287 3591 1989 7428 4178 1347 3759 7058 550 2970 292 1788 6882 5467 7904 6562 3754 2633 1437 7950 322 6587 42 6417 6751 7526 3923 3506 7699 4588 5878 5272 2317 5345 5702 1508 2705 7218 5329 7473 6233 4586 2004 3643 1244 4018 6870 2937 762 4935 4857 608 1777 6195 7723 7362 7339 4410 4398 2464 2564 297 3011 217 6785 3825 5802 6863 1956 4293 2166 5799 6572 1058 342 1125 3921 4077 1320 3906 4016 5064 7611 4531 6747 7392 7945 4273 2205 535 1604 321 5730 2167 3571 4192 4675 36 1807 2389 7843 900 7496 4955 5851 5768 2169 3828 1365 1618 3789 4087 6010 4508 802 1853 6089 3768 2197 3956 4741 6281 2001 6510 7365 4130 6689 7174 1316 6265 1291 5826 2074 1305 7902 7805 1632 3637 3598 48 2348 7304 4444 102 6390 5933 4419 2969 503 6492 4177 2812 2869 5029 2220 4461 5097 7703 1245 1643 2480 5880 2121 5908 2807 83 1108 1885 4890 280 1474 5682 2526 3077 370 6842 784 4566 846 5202 5864 7400 994 52 6335 6405 198 7386 3960 4565 7048 2627 5939 207 3879 5587 3441 3790 5033 1754 797 2142 1933 6007 1341 3439 6600 7777 2626 1489 101 7948 6713 162 4549 1703 3680 7101 5651 6200 4384 1372 4141 1934 1170 2133 1523 1385 24 1077 1877 6992 3249 1817 2840 5913 2190 397 5761 1217 1154 1213 256 1457 5613 7991 7410 6542 4127 6497 5103 209 5846 5652 2391 6196 6712 465 7813 480 5808 4713 4651 2982 4543 644 2700 6402 5070 962 1368 5579 4387 1845 1186 743 4386 2785 806 4528 5907 2471 7429 142 7582 3262 1554 7302 478 5796 5589 1466 95 2189 2954 5991 5986 7986 4841 929 4681 6964 4835 6110 1455 5654 5028 5499 1801 4245 396 4982 1911 5461 2494 4554 4007 3099 328 4919 4014 2729 294 1759 4654 2872 7837 7706 5123 2976 2505 6828 4133 1667 545 968 5985 3904 7344 6418 5358 3958 2157 4869 7506 1511 5840 1010 6416 7311 5565 6589 1948 4389 7547 6545 1538 4138 4781 4985 5992 777 5946 6969 2669 6161 2346 4761 2918 4418 4905 7700 6230 5663 3 2254 3071 1831 3664 3508 7822 7149 2056 6275 4788 93 5083 2908 3713 1828 7476 862 1849 726 2851 51 2571 6488 2843 4236 559 7005 5128 4358 5096 764 3112 6521 1634 1298 3095 3892 6104 7671 2151 646 55 589 3878 97 6147 7862 5299 7717 4557 291 5624 2999 1909 3740 7664 1137 1669 6728 425 2332 5427 7867 2042 852 1090 4244 1381 323 5945 520 7828 1275 2359 1207 3858 4674 771 1134 4148 6560 3091 85 1130 7371 845 5087 5535 2184 4940 1575 3466 7166 7176 2138 690 461 2781 5724 1157 6495 1938 5483 2248 2059 7987 7584 1607 466 1289 3886 590 3280 5998 5450 773 6382 2251 3635 4599 942 2124 6766 2752 3699 3393 384 4182 6946 4809 7417 7866 34 8 2992 3556 1407 1931 941 3457 2623 296 6959 4271 6456 7820 6385 7704 2787 6535 5571 3366 935 249 5055 6949 6421 6612 5325 2988 3621 836 5781 6223 6548 2158 6883 2002 3069 2709 3694 307 4932 6131 5131 990 4650 4213 6614 5854 2762 1494 3430 5293 4336 615 4976 7535 1872 1918 6658 1379 3126 6639 2884 1416 3722 7654 4482 5902 556 7481 2517 7277 898 6506 4829 7445 5397 5291 399 1317 3854 5734 1547 6619 7008 3458 456 2706 3852 7683 5273 1366 3710 7325 4108 369 7479 6263 641 1526 2302 5478 6513 2836 2927 926 1601 463 7595 7497 2569 7423 5387 2540 1728 5837 6210 7528 4771 2171 593 5649 2863 391 1400 3304 7207 7291 3786 3952 1205 5876 7404 2771 3248 236 7296 7219 885 7680 3561 3510 7097 1964 7129 6699 1071 1857 2195 2603 6384 4351 3211 1702 1141 2876 1868 2019 1530 2011 2645 3175 3953 1448 6838 1053 4842 1468 7503 7819 1866 5744 3681 5434 1790 3901 2507 5803 2568 2915 1629 4050 5303 1782 2914 4403 2501 7594 1658 800 7714 5207 1674 3144 302 5841 6950 1815 204 7165 2655 7827 3623 6996 132 511 7975 4924 1626 6315 444 7151 7667 4371 6654 3636 4862 7539
Route 8: 3762 7108 2239 4717 88 946 4147 978 6189 7412 7141 2196 6330 3666 1270 7921 7114 5014 107 3525 2083 4365 4385 7015 129 5094 6930 80 2441 6351 4838 6448 1630 922 7012 6761 1711 636 4167 404 1476 5223 6688 4664 2586 3209 6435 7592 2355 5238 6609 673 1633 5996 387 7033 2132 6860 3748 2149 3709 2979 6726 2199 3408 5886 2754 1050 4593 3310 136 3867 2185 4023 1065 2047 6215 2404 603 1892 2506 5121 1073 5848 4096 7154 1767 1763 2103 2882 4972 1454 7367 4362 5708 570 4066 1226 2498 3442 6314 6423 6455 1359 2957 932 7559 4683 7132 4318 7270 5286 1304 6145 4642 5452 1092 6606 913 1843 6124 2595 1598 2215 6060 6554 3622 4411 4718 504 94 2574 2806 4340 617 914 6801 1841 6507 6134 4878 6266 2129 3423 6394 4726 834 3779 5832 4275 3360 1480 1635 3716 7483 3818 2640 814 5480 2069 2407 7708 5660 5409 1564 4702 113 3259 402 1562 148 4806 3934 4475 2268 5140 6611 90 4427 1094 6 65 5936 3772 883 2308 7262 4963 909 5336 3456 6377 2504 339 2053 4110 334 7191 7378 5872 7556 7971 3129 6238 6298 7596 6976 3610 6852 5289 3633 7364 4731 3193 7019 7804 372 2468 332 6570 1730 6650 4882 7096 1581 3902 2123 4052 6144 5485 606 4548 2112 6703 5861 2156 262 3612 5011 2487 2509 2947 887 3312 7363 3339 5843 377 7513 3115 2079 3253 691 119 579 6481 6734 2193 4923 6020 6956 6541 7812 4120 7570 3349 1251 2630 5484 618 3810 3128 1553 7257 4881 1939 3826 3299 7961 1955 6769 2832 2875 4425 1290 1491 1863 4701 2066 2008 6420 2490 4337 3208 3594 373 13 1121 4359 1525 7715 7181 5486 7225 2911 830 3647 7953 493 6746 5333 5008 6039 623 2431 2874 5142 77 6786 2313 300 3844 2511 4750 7668 6951 1442 2303 3770 1265 519 5172 3753 819 3116 1402 2446 4956 5977 5801 607 967 5346 415 1923 3546 4208 5743 7748 6856 1029 1318 538 4074 2456 3778 1136 1349 7888 4582 1686 1848 5693 5392 7589 4474 1932 7050 7133 1665 6359 5170 2849 3814 1200 7327 5046 1642 2319 38 1045 4377 1854 7634 5107 7071 1350 5733 2779 5629 2038 3377 3944 6908 6581 7251 7305 1664 5691 7293 7490 3685 4656 7604 2094 2765 1906 3257 5060 428 7003 1285 894 4469 2539 964 3734 587 4078 3937 7552 2559 619 7938 4221 3830 1765 1019 4112 1156 144 5853 2204 1378 3785 2597 3732 3092 211 7482 3738 1386 2304 6979 6432 149 7545 702 2385 1608 4964 2252 6921 1902 6208 4816 7628 2106 4390 2907 4671 5839 1796 1937 1124 3672 6139 1869 665 5515 7839 3382 4210 7346 3485 6691 4231 3907 6729 5923 2130 912 6177 6480 5671 2896 5699 1822 4577 5261 3568 1880 6531 6602 1446 4191 4937 2686 3984 3714 1069 3766 1709 3227 2702 529 4200 2750 6568 4019 7568 7373 1818 7366 1865 2065 563 3332 2260 3799 1541 239 7034 5084 6482 6237 5742 4523 6193 1161 680 181 6498 6756 3313 7688 5739 2944 6891 3244 5684 6591 3194 7650 1165 5074 3616 7252 3486 3624 549 7359 5219 855 2177 2209 50 1924 298 2894 7104 1982 2747 6861 5705 5634 4587 5101 4931 2902 167 6815 7393 79 6317 1648 656 69 1579 971 1673 6378 6702 705 839 2162 3222 4764 5942 2432 6401 2349 4270 1613 4308 692 6888 2438 4853 5825 3149 2128 2642 3824 3755 5217 7124 4379 5915 6269 575 1007 6002 584 4322 7617 4756 5220 7049 6825 4015 4709 3839 5069 7383 6566 7060 2520 796 2150 1253 2333 854 7081 2525 3638 821 4348 1413 2687 2024 4633 1164 1176 4378 4526 2423 5999 2436 2356 5924 1521 5677 1063 5197 3319 3276 523 6717 4740 73 5929 1112 7966 965 2654 7910 5738 7627 190 3987 7111 3085 185 3005 3527 986 2323 2819 1683 2818 7842 7916 5685 2194 1325 7724 3820 5208 1024 1886 7599 7775 1536 1490 7973 539 1514 1380 3581 1447 6709 21 2782 5994 1222 358 4491 286 1738 3861 7439 356 2696 7167 4315 6998 5354 1276 2381 6142 1953 5736 3188 7757 5990 3654 7779 7679 7323 3285 2717 2710 3555 5898 6130 2690 1654 7333 6153 7861 701 3189 4900 4468 392 1219 5398 955 7342 4458 3541 6501 4604 2538 1671 1344 1292 1482 611 2479 3518 6220 2792 5448 3140 6798 4611 2950 6917 2030 5260 3076 6685 3669 6715 2286 6673 6649 5031 1846 2495 2452 2958 491 1944 6806 6276 6576 811 1804 1522 2839 3978 5553 3352 4946 435 4845 6983 2450 6867 3320 3133 6793 5181 5960 7678 6004 6844 3675 1131 1031 1333 6003 4212 1752 2091 3784 780 4331 3006 253 6106 1397 6698 6661 1254 3384 4395 2453 2801 3498 2769 4519 3531 1160 4360 5916 666 7636 3392 681 5145 4477 1326 2245 4226 3418 1109 6585 2378 1129 4745 1917 6120 831 7150 4168 3979 5198 902 6727 3150 669 6438 6588 2484 2148 654 4265 1900 7896 1361 7357 457 3496 3446 1798 3145 3237 4173 7360 3831 2073 6288 7887 1059 2072 2186 4874 699 4728 2334 1409 6296 2945 243 2783 7781 513 1233 1158 7836 6118 4063 6101 4044 895 2147 7043 448 1792 676 2656 703 3068 62 1544 2131 7314 382 7792 1755 893 63 4820 5306 7606 3747 7437 5731 4607 3455 1179 6399 4334 5221 1001 7310 1126 731 199 6775 6530 1488 3735 6846 7409 7099 6034 4415 866 758 6108 1891 7632 7264 2273 6243 5264 7881 7844 594 2335 5507 3054 6821 5521 5717 5167 7509 2578 1501 1565 5919 2949 2465 749 5092 5676 7331 4658 515 3941 905 7983 1513 3245 5674 5920 2570 2668 6659 3922 5764 1212 982 7800 1537 4569 5438 3114 6297 172 825 6520 6352 5592 6991 1311 4289 3602 6292 1731 715 6849 837 7608 6242 4079 6388 939 5789 904 4399 7686 3613 6085 2180 483 5514 2299 5647 5407 112 4297 5954 7335 7560 4928 5710 4544 244 1612 7155 4149 1235 3741 1080 6671 7411 7567 775 6840 3314 3040 4542 6354 6741 6348 4448 2746 446 1417 7447 482 4229 3631 3519 6404 7918 5068 3911 4570 4576 1837 6213 3098 327 5089 5500 7677 3473 7555 3190 5194 7793 7967 7061 2619 4719 7294 72 5754 3388 5758 6920 3033 2814 5372 2365 516 3434 2155 6370 4970 7190 3529 3168 3372 1986 3517 7128 6787 6076 1783 5195 5543 5723 2144 3171 1340 1444 6561 7727 3438 2789 6605 4325 2646 662 4908 3737 7532 7350 1355 4367 610 2587 906 3491 5899 7449 5048 4826 7790 6140 3576 1256 1173 2025 6817 2825 4798 5904 722 346 2791 5352 7659 4637 5546 7590 3449 1294 1345 1475 6642 6999 7551 4994 6508 1651 4205 4504 4998 5120 1684 7195 1504 2802 2231 1660 973 1282 6823 586 2116 6884 7869 5030 5118 4839 7027 1695 5353 5431 6855 7178
Cost: 10564.213
best cost: 10564.213
