[progress][seq] epoca=1 | epoche_rimanenti_prima_stop=500 | tempo_trascorso=6.1s | tempo_rimanente=293.9s | best_cost=68860.049
[progress][seq] epoca=2 | epoche_rimanenti_prima_stop=500 | tempo_trascorso=12.1s | tempo_rimanente=287.9s | best_cost=68153.346
[progress][seq] epoca=4 | epoche_rimanenti_prima_stop=500 | tempo_trascorso=24.1s | tempo_rimanente=275.9s | best_cost=65023.043
[progress][seq] epoca=5 | epoche_rimanenti_prima_stop=500 | tempo_trascorso=30.1s | tempo_rimanente=269.9s | best_cost=63622.035
[progress][seq] epoca=6 | epoche_rimanenti_prima_stop=500 | tempo_trascorso=36.2s | tempo_rimanente=263.8s | best_cost=59720.027
[progress][seq] epoca=7 | epoche_rimanenti_prima_stop=500 | tempo_trascorso=42.3s | tempo_rimanente=257.7s | best_cost=56906.249
[progress][seq] epoca=9 | epoche_rimanenti_prima_stop=500 | tempo_trascorso=54.5s | tempo_rimanente=245.5s | best_cost=56855.767
[progress][seq] epoca=10 | epoche_rimanenti_prima_stop=500 | tempo_trascorso=60.6s | tempo_rimanente=239.4s | best_cost=56768.153
[progress][seq] epoca=11 | epoche_rimanenti_prima_stop=500 | tempo_trascorso=66.7s | tempo_rimanente=233.3s | best_cost=55896.586
[progress][seq] epoca=13 | epoche_rimanenti_prima_stop=500 | tempo_trascorso=78.8s | tempo_rimanente=221.2s | best_cost=55751.694
[progress][seq] epoca=14 | epoche_rimanenti_prima_stop=500 | tempo_trascorso=84.9s | tempo_rimanente=215.1s | best_cost=55742.966
[progress][seq] epoca=20 | epoche_rimanenti_prima_stop=494 | tempo_trascorso=121.6s | tempo_rimanente=178.4s | best_cost=55742.966
[progress][seq] epoca=30 | epoche_rimanenti_prima_stop=484 | tempo_trascorso=182.5s | tempo_rimanente=117.5s | best_cost=55742.966
[progress][seq] epoca=40 | epoche_rimanenti_prima_stop=474 | tempo_trascorso=243.5s | tempo_rimanente=56.5s | best_cost=55742.966
[progress][seq] epoca=48 | epoche_rimanenti_prima_stop=500 | tempo_trascorso=292.3s | tempo_rimanente=7.7s | best_cost=55304.000
[progress][seq] epoca=50 | epoche_rimanenti_prima_stop=498 | tempo_trascorso=304.4s | tempo_rimanente=0.0s | best_cost=55304.000
Route 1:
Route 2: 6628 180 306 268 4327 5331 5179 7382 2962 6797 6625 6258 670 1430 3450 5353 5431 4917 281 78 7789 544 7891 5712 3578 2199 5886 3408 6726 4593 1050 2754 5996 3481 6999 7551 4994 5223 1476 6688 5660 1660 3412 3931 5601 1595 1620 1348 4204 2565 3867 1410 3603 6211 6679 7953 493 7352 5008 6746 5333 3043 7619 2399 6935 527 3015 7518 2272 7507 5714 3629 920 7840 6136 3461 928 1388 5136 3444 2212 33 6740 2933 4515 2245 1326 1127 1302 7372 4248 7457 2819 1683 2482 5697 3226 1926 6013 2557 3817 4291 7401 988 1249 6743 4363 4870 865 7738 3389 4029 7087 4223 4648 6102 17 5615 1112 2973 7798 4897 2483 1705 5224 2607 730 782 2427 6014 4536 460 4547 5855 4024 4958 1850 1044 3139 6205 6645 7524 3513 3240 6919 2923 49 4773 1151 7070 1836 3431 62 1544 1673 6378 971 7548 116 4569 1328 7200 5677 2356 5924 1521 4526 2423 5197 3319 5221 7310 1126 731 609 7577 2247 3369 1984 3117 1985 5403 3197 163 4232 6254 7027 1695 5066 2339 7544 5823 3437 6426 7340 7993 5085 2546 2048 261 350 6931 4711 1259 4091 664 4013 3060 1230 7443 3158 4665 2111 319 6957 6412 7095 1539 6305 7652 3305 4744 6103 1870 6814 4314 6146 3151 578 6029 5814 7788 248 2671 5709 2799 6889 4969 5402 552 6952 7324 847 3686 4417 3214 3025 1375 1500 1975 110 5386 70 2780 1493 5322 5847 3609 6171 6055 7319 2941 6093 3736 4394 1421 7593 2420 1605 5587 3441 1140 2909 3027 4409 1350 7071 2130 7386 2627 207 3907 5664 3975 6086 2061 3357 2768 3269 7406 3426 3955 4618 7976 7621 7252 5074 3616 3313 6756 2895 359 4500 3138 1020 7431 3363 6858 5117 7042 998 4753 6218 1829 1209 7487 6879 2305 6043 2678 1290 4771 7528 7257 7385 7960 3673 4236 2843 2359 1275 2781 595 6380 987 7255 7227 91 3900 5037 7690 822 7361 153 2076 1691 5636 6781 3428 7818 2033 5662 6452 4301 5158 7497 2569 7595 5837 6210 6263 7479 6513 5478 2836 2927 1530 1141 2019 6402 4816 6208 7706 6828 3621 2988 941 1877 5589 1466 1554 7302 5654 1455 5499 1385 1523 2954 5991 397 5761 280 4890 1217 1318 5932 2517 6658 1379 6112 1525 5486 2313 2011 1111 6440 2560 3109 7975 511 132 6996 439 5640 3945 5480 814 6703 2112 5475 2920 5175 5774 4021 4708 6707 7106 5637 4453 1797 875 4769 3316 7747 2275 7860 2925 5108 4345 534 4826 5892 4735 2296 5889 5204 2117 4129 3453 2430 930 6320 3417 3534 7230 7370 1148 6866 6490 4408 1314 7395 1458 2311 5234 4220 2068 6725 7194 2410 7354 6151 118 6462 1690 3564 6164 7856 1499 7899 1172 2985 1196 2728 241 5633 6822 7656 4930 3731 1216 6053 6323 3942 5909 1672 3567 4043 436 2731 2644 1036 687 2663 1152 5508 799 6253 1100 5371 3427 4103 39 3172 5415 7006 5794 5244 2512 951 1051 1185 5167 6539 6770 1512 5972 7646 708 3337 5048 5899 7449 3491 3837 6926 1363 4755 4645 6877 4376 5424 2624 4391 1418 4748 5430 1470 4786 906 2587 3258 184 2857 7770 3560 3964 2368 4904 879 5683 2377 5311 254 27 3989 2031 1450 2500 6550 7927 6993 6017 682 6333 7676 522 2922 1232 7536 505 4590 5361 938 2087 1875 7893 6092 2026 6968 958 4596 7381 414 5160 4546 4142 2179 1064 541 632 5355 3072 7244 471 2408 231 7616 2118 2841 2859 7995 7815 7579 6186 4323 485 3102 3992 6451 6464 4733 3047 5362 3801 1095 2610 558 2129 7378 1940 2285 7249 5343 7869 943 6279 711 2544 5267 3397 2738 3390 1519 2535 7653 6855 5725 1767 6943 555 4795 6149 952 5490 583 7202 3216 4694 4 317 2397 1858 3255 4150 3065 1271 630 5952 3383 7555 3190 3473 7677 5194 10 3519 7918 3794 4961 2532 4190 3223 5365 517 5049 4705 7301 1751 7110 5472 6718 7598 7139 7052 2396 4646 6386 4095 7895 1097 3489 788 224 4411 4718 6312 4838 6351 4105 940 3260 4667 7318 2829 6954 4798 5904 4637 5546 4361 724 120 4518 5832 3779 834 3449 2239 7974 5612 3343 7762 2161 7578 2611 2514 6980 5777 4627 647 5812 3318 2589 1864 4287 7909 6273 4046 6831 2525 1297 2827 3532 1403 6543 5416 2714 2233 2861 5056 3406 4332 4911 7997 1434 1149 1729 1448 3953 5207 6049 141 5174 6970 7951 6125 4316 302 5172 519 1121 4359 2265 348 6517 6575 2889 6868 4919 4014 5450 5998 4245 2157 4982 2059 7987 1378 2204
Route 3: 1123 937 6363 1046 1843 913 2887 6369 2203 586 1313 693 3903 4813 2217 7273 6763 2576 1098 3050 910 308 4724 2580 4143 5039 3585 3887 7398 2243 7736 4529 188 6447 1555 5102 5912 4552 4355 1208 4109 41 3711 5067 1353 233 6341 6470 4784 7247 6428 6366 7791 7112 7116 4292 1115 53 2524 5189 7527 6813 4227 6127 6267 2879 7640 1089 4592 2955 4117 3113 2967 5951 953 4009 4819 4020 6059 4933 5718 6714 4010 1153 6285 2080 2617 7298 6997 6966 1404 1384 6224 7481 5291 7129 1629 7714 2603 1857 2195 7286 6573 2013 1510 491 2452 1944 6806 2958 5181 5960 611 1292 1482 2378 4212 6003 3418 1109 1333 1131 1031 3784 2091 1752 4331 3006 253 2474 7644 2977 4196 7884 6461 497 4738 1663 3398 1802 2102 1790 5434 312 5888 4793 6359 5170 3380 2412 5046 7327 256 1213 48 2348 7304 6524 6578 6110 5846 209 2391 5652 239 1890 6911 6259 3332 342 1125 4400 318 4907 1087 917 3308 7258 3604 4128 3163 6373 2463 1727 4796 4539 2516 2991 5239 1238 6398 507 6961 950 1990 2249 6928 4279 7873 80 2441 1950 2449 6190 2489 2808 6836 4834 6515 5350 6286 7534 824 7140 5460 76 1439 252 1742 5359 6859 289 2141 6277 4470 1181 5468 4876 5984 4629 3816 2880 1965 2392 6829 1267 1135 5412 5493 6300 204 7165 6315 1626 6871 4884 4255 2454 3012 6483 6449 861 7353 3853 2554 2411 2292 4017 1255 4354 770 2167 5730 3571 6281 2001 5130 4320 3207 5799 2166 4293 1956 1603 5922 7136 4692 6174 6733 171 3221 5449 6634 7238 6789 3916 7832 3512 6559 4045 4520 293 6148 355 386 7712 6700 3073 3840 5065 7793 3791 6670 3590 5391 7830 7786 7814 5783 7999 2555 5411 4559 4926 2216 4619 5186 430 4984 6623 7448 2737 2007 3451 6571 1432 6256 1377 6338 5518 6393 4338 338 2246 4392 2137 3592 1770 7696 7239 2090 3227 2415 7785 6012 7489 566 3782 6245 5995 5315 5885 3641 1697 2297 4989 7420 6686 1144 336 3614 2688 4587 5634 5101 5705 6861 6118 4063 895 6101 4044 2809 4854 6040 298 4922 6894 5072 4945 6350 5479 6777 6031 2689 4016 5064 7611 6747 4531 503 5801 607 5977 4956 1029 1382 2892 4141 4963 7262 5336 909 3456 6144 5485 4052 606 4882 6650 7096 6156 3334 4730 1756 5750 4913 4413 1433 658 3570 4579 474 1143 4898 2276 3720 6360 4372 379 5135 1570 3884 6633 4362 3920 5752 7626 6583 6073 225 5278 7705 3630 4831 2401 4056 6187 1 1699 6160 6790 4851 2165 4833 891 4179 3416 947 1771 1308 4612 7018 1021 6885 6662 6048 1583 3717 1091 1171 1501 7231 580 4433 5800 1685 7981 6307 5103 465 1869 4210 4127 6497 3575 1429 5966 1734 4434 6832 242 5215 150 2953 5698 6736 7743 7787 7996 6113 133 4517 5050 5578 7926 5217 3824 2642 3755 4379 5764 3743 3020 1276 5354 6998 4315 7800 1537 982 2180 6085 539 2817 4311 783 6985 7608 172 6297 6991 5994 2782 7335 5954 7560 4297 4696 4983 3314 3040 3301 7779 7212 2387 3479 1312 3014 7049 5220 1083 7922 4307 1558 6011 1648 6317 5943 7268 69 656 1579 3005 185 4740 523 199 6775 6566 7060 1615 5927 51 5427 1090 1511 323 5945 3069 7867 3952 1205 3286 4452 3176 7733 166 2528 4238 6252 1838 1960 5109 1041 5283 1622 7053 3973 2316 571 7283 3739 4229 3631 1479 4234 4432 2469 3692 7274 3765 6074 7907 303 3712 3670 7782 2694 4993 1128 7915 3023 5620 6395 6711 2255 7864 5020 2433 5349 5519 3008 6845 3809 1597 7083 789 7525 4061 6022 1456 5628 3505 4848 1799 4087 1618 3789 3768 6139 5107 3672 6581 6908 2681 1094 6 90 4427 389 4791 496 1951 3798 5581 5765 1396 1485 6469 4406 3536 7387 6940 7157 6503 7765 2726 1649 1842 1887 35 6620 3573 5505 4823 4180 3698 2858 871 3492 6062 7256 2036 5231 1972 4483 3674 5080 498 2867 1376 168 1679 2236 7076 2446 3116 1402 7758 3584 7466 2844 3925 7711 5155 2301 2012 4739 7237 2558 4053 2640 3818 6134 6801 1841 4878 6266 887 2947 1616 2084 200 3796 596 6695 2561 7572 3169 6032 5550 2796 4682 2883 6600 2626 7777 3439 1245 6713 7948 162 6130 4149 7155 2710 7828 425 6728 2471 784 4566 5743 3546 5671 832 6752 311 790 3181 1210 4797 3974 2711 2948 6098 856 5891 7332 751 331 1914 469 6644 1861 4217 1627 5757 6037 3097 4451 2122 6664 2862 6873 5797 7697 4707 2242 5539 4892 4257 1907 1623 7763 295 6430 5844 5216 5911 2567 5791 2608 7905 5784 5614 2092 6753 5596 7698 5218 6642 2241 1630 504 922 404 4167 4340 2806 2574 1711 6001 5857 737 1487 6000 3885 2673 5000 4761 2346 7822 3508 1831 3664 6589 7311 5565 4418 2918 6689 7417 4182 384 965 2654 7627 5191 5947 7263 1145 6825 3282 793 7415 828 7044 403 2293 2878 4466 1436 5630 6105 3454 3090 5157 4947 6077 5802 3825 3011 4588 5878 5272 7699 7458 7658 7642 3628 1747 2743 5665 6800 4435 208 510 933 1743 4022 7682 6807 3094 921 7028 68 5219 2218 422 4037 884 3452 5351 30 3620 7811 5700 2924 6608 6423 6455 1611 4162 285 6551 1515 2438 3808 2620 2386 6336 7799 1856 6693 362 5759 3354 4069 5828 5304 6613 2403 1138 5257 4102 3263 3364 785 3385 7198 3524 3863 4288 2600 6406 5997 1182 4736 7831 4684 7925 175 2813 3615 6936 733 7438 1959 598 265 760 5816 6869 3353 614 2114 177 631 4591 401 1070 907 4134 6122 3170 1716 4877 2868 3805 5163 7068 4472 5687 6264 2223 6666 3976 1471 3511 4222 1852 368 2932 2085 7245 7455 5667 3266 3827 1107 2493 2553 160 6138 2023 4978 5439 1239 5833 1689 3137 2824 2618 4146 7246 1518 7152 5829 1710 3589 7 7661 991 4802 1391 64 7958 833 1860 2581 5504 2975 2639 1920 6896 1086 7080 3848 1546 3924 314 3913 7709 2095 2625 7328 203 6179 1545 2425 5201 5848 7819 1468 4842 7503 2077 5400 1392 981 6180 6690 2187 7242 4810 698 6750 5818 1294 1345 3676 1229 2188 7159 3549 4775 816 492 7879 1202 3096 4564 6422 6874 192 4040 5689 6154 5410 7718 2472 1893 5530 4865 5360 283 7188 1736 3026 267 1198 3414 2860 6244 4695 3161 7573 7485 3401 2652 7078 3769 7900 6749 7419 1541 7320 6903 6731 2496 6579 5514 5647 2299 5407 6846 7409 6530 7383 6261 3894 5809 2747 1982 6379 6857 6033 7878 3689 1640 725 7969 416 4643 6599 2742 3084 7632 7264 1158 1233 5438 3114 1162 1678 1808 1573 2435 4070 700 5738 4289 1311 2442 104 7057 4758 6311 7930 874 214 2712 525 2705 227 5645 3917 1866 5744 3304 1400 1366 3710 391 126 6353 6069 5862
Route 4: 5340 2989 2256 1206 4685 672 7833 5487 729 547 2494 4554 1200 5682 1933 2142 5933 4419 3934 6516 3719 1310 301 6036 4407 5549 3225 5517 273 5953 5441 3701 826 213 4814 655 2006 3936 7011 3753 7748 846 5202 6621 820 7962 3278 7453 7543 3147 3218 1675 7337 3413 2885 5559 2881 1712 748 7587 7199 1201 3217 5582 2421 7030 6772 2793 5793 3201 2334 5825 2381 6142 1953 3149 2128 4764 3222 2162 5942 2432 2894 7104 3204 5334 6143 4680 4709 7966 6955 7956 5920 7478 390 3758 717 1621 3776 3938 6939 4215 3196 1927 7585 7493 6411 7931 542 5324 5881 6445 2344 4447 3472 6494 4581 5124 6159 5858 1168 361 2182 454 6528 7968 3733 2935 1288 6107 5935 2904 6121 3274 1224 3700 4676 6823 6023 4475 4806 3129 6238 372 7804 6377 2504 3633 4673 5861 2156 262 5936 7829 5045 3394 4774 6537 3612 5011 5810 59 4114 1349 1108 1885 2969 797 399 7445 4829 6230 2254 4905 743 1186 4387 1845 5579 4543 2700 644 5756 1252 6837 649 4422 1285 894 4469 6184 7278 6114 7369 7331 6044 4404 721 4401 689 763 3540 7475 2093 4915 7396 7520 4098 5526 7113 7303 7890 2476 4224 4169 127 3167 7197 5053 5373 2931 1535 7117 5509 1339 1296 3595 2833 1441 5242 5162 3460 7845 4259 7471 2071 380 3678 2716 2936 996 385 4343 1118 1961 2457 1056 4261 7074 4938 5419 7185 4721 2153 1373 634 5513 1166 3723 4843 3250 6942 381 3272 2028 6680 3599 4446 3872 4030 6052 6898 4799 4921 4506 6941 3034 3730 3078 6076 1355 4367 5754 6096 1916 5773 263 4677 7145 1644 3191 5879 2191 1364 7647 7571 3811 3471 1901 4464 6960 2974 1445 4487 3284 5423 2658 1873 5938 2306 3177 4899 1307 145 4350 1987 3888 7970 7243 3378 3358 5962 6250 7855 1256 1173 3445 4698 7067 1794 6742 287 5314 7024 7488 4181 6471 6473 984 7469 2499 1234 3388 5758 3033 6920 1986 3529 2727 2035 1596 4067 4170 5006 2096 772 5364 4533 5005 1424 2888 5859 1443 2250 7868 1590 838 3174 3124 1329 4716 2826 1862 7460 6675 7358 2418 5076 6166 7077 6310 2046 2906 6738 4123 803 3287 3995 5597 2428 7250 7957 121 778 1463 1604 3586 6971 321 7824 7045 4668 442 138 2099 3241 535 4273 2205 1058 6572 563 6863 5054 7339 7362 292 6882 1788 5467 2970 1069 3714 3984 2303 3770 7376 2429 364 2051 6794 4821 739 3909 2049 3912 5284 3566 1653 2588 6357 3930 6767 1925 3465 3300 6604 5981 1835 3838 5706 1733 1002 2739 2225 7580 3980 2484 6588 6438 4820 63 893 7954 5767 703 7792 382 7314 676 7687 2656 2131 5306 1792 6401 2186 1059 2072 7215 4486 3990 2724 4979 6617 3806 7177 3856 6178 4195 5187 6293 732 4243 2648 4655 1805 1839 7203 2145 196 1122 1237 7316 4281 459 4747 6780 3186 7863 6296 1409 7887 3307 7802 3068 3747 4728 2945 5266 2899 6066 6498 1165 6591 5684 7688 3244 2172 1509 7099 4415 6034 4715 5226 651 5544 181 7624 4090 6199 6501 4604 2538 6120 6685 5145 6220 3518 2479 4896 7347 4954 5127 1671 2459 5673 5948 484 5723 5543 3171 2144 4971 7913 4484 5868 5980 4241 7014 5295 6126 2232 1178 3009 3773 4992 3021 7681 3895 7414 7192 4891 1371 6509 7037 1809 6592 2545 5458 3557 6948 6835 5621 3684 1977 3965 5341 3688 955 1219 7342 5398 4458 2628 3654 5990 457 7357 3446 3496 3145 3237 4173 1278 3908 6165 2915 2568 5803 2507 2959 5574 2979 3709 2149 2332 773 2251 6382 702 2385 149 7545 1547 5734 3854 1658 3842 6978 2226 2140 1004 3184 7921 7114 5618 1066 3666 1270 3996 5250 848 7530 4765 1362 4699 344 3192 1438 3328 5459 3420 5937 7494 88 7141 7412 3199 5116 5506 1676 5142 6786 77 2874 4265 7558 3432 87 2643 892 5378 445 2693 3786 7291 3349 1251 6020 4923 6956 1157 5724 4932 307 3694 5131 6131 1538 2121 5908 6964 4835 1817 6007 1341 3077 370 2526 625 2115 3928 5523 1343 6951 6088 6209 5785 2903 1246 2542 2573 5004 1601 926 463 4701 2066 6965 467 7984 1323 1543 426 3588 1717 7809 1342 6019 4951 2253 161 3821 4156 1912 7841 7623 7196 2795 5118 5021 5253 7641 2508 4670 6574 746 6091 2677 5339 7519 5805 4260 5176 7184 1592 1193 7285 3246 5112 2871 5384 4844 7093 5432 3548 4704 7013 5380 226 4023 5525 4663 1793 2604 1819 5390 7625 2290 4906 237 3659 850 2622 5491 3292 130 6764 3645 6442 2692 6553 6590 705 6702 2074 761 6467 5171 2720 3988 594 7844 4326 6555 3764 2632 3386 5594 7127 6989 6155 4274 1878 3632 4635 1882 3718 201 3309 3325 7226 6696 4523 524 1696 7172 6674 1427 6072 2405 3283 4203 3168 3372 2619 5428 5813 959 1103 2361 3122 5896 3251 7338 2444 6408 6776 604 6240 7952 7633 3194 7650 3083 6833 7180 5396 6519 4308 2349 448 6615 3341 626 6862 1303 734 3464 3882 1035 4310 5795 6392 432 7459 5188 2213 5290 2981 4974 7920 1905 6095 7137 7501 7416 3780 5901 3429 2054 2227 4712 4872 1075 2821 7780 113 6760 2870 3795 1177 2244 2065 1865 900 4741 3956 230 4328 5446 4277 1897 4085 4319 4967 5114 7474 4794 2281 472 67 2645 3175 5397 2057 2990 5843 119 579 691 2193 6481 6734 7570 4120 3810 3128 6541 7812 2630 5484 618 3299 3826 3600 7806 5510 6510 4130 825 6520 329 5934 7504 5263 7295 5321 7066 50 3929 7847 2015 5669 2635 842 2113 7124 575 5915 6269 1007 839 2902 167 356 7439 2696 6641 5512 2073 3859 7162 4850 190 6717 3987 3455 1179 753 1067 1772 4364 5867 986 1447 1380 3581 7437 2462 1610 5363 4689 7685 6090 6922 58 5058 5445 4743 14 3553 5616 4027 3028 1704 4005 1163 7739 109 4456 4416 3523 2263 6078 7730 5850 2778 3538 4118 5627 4240 3049 3696 704 371 7897 6396 1215 458 694 2983 6231 176 5159 5763 3857 5440 146 316 2043 1104 6030 6893 6489 1784 685 1708 20 4457 1358 3999 877 2987 2003 4106 6839 1559 2134 5319 3658 3335 1680 6083 4909 7726 5749 6158 2336 4171 277 5385 61 7894 6169 1719 5469 4717 4191 2686 4937 1775 4729 341 3905 1440 5926 3476 867 4644 844 7827 501 5389 7456 2258 3053 3530 5771 2350 71 5168 4057 526 366 6635 3275 6247 6021 2235 7277 898 2591 1803 6564 2592 4652 759 3627 7190 3434 5169 2701 6308 5979 5690 1336 1261 2318 4852 7713 818 3579 1106 2629 3704 2664 612 4808 561 668 3914 5609 429 4239 7254 1220 6274 3804 966 476 6459 3399 7529 3649 6026 1284 1871 6672 1978 2721 3639 1008 3490 152 1203 5678 4901 5166 899 7348 1260 7216 2835 2966 3295 2353 4968 6191
Route 5: 7289 1652 581 1780 2998 4927 4266 7796 4598 5393 7234 2086 807 7989 2413 5383 1169 742 4436 4219 4703 3695 5566 3860 6799 5071 4033 4757 3004 5193 6982 5010 5639 2776 7659 3525 2083 107 7729 19 3542 6484 872 4140 6981 5088 1387 6197 6817 7100 7187 6302 7569 6071 7601 2295 4616 3361 5001 744 4202 7732 5079 5370 5195 2328 786 3957 1492 1026 2109 5804 5200 5404 4286 970 4522 6414 4537 5692 438 4626 264 5288 5377 4295 5635 6372 6415 3874 2770 2615 4492 3829 135 5492 5975 6631 2271 84 5022 829 7023 2995 3935 4787 3760 4553 7657 4054 5606 6892 5279 675 2733 5408 7665 960 4871 4801 7164 1405 195 7186 3051 3093 6773 3475 779 7233 2838 2288 1557 5352 2791 4636 2759 3977 2382 2372 858 1739 6280 4606 6276 410 1659 5328 7446 1080 6671 7411 2022 560 6657 3330 1295 378 6723 7435 2148 4329 4613 2283 3359 6201 3933 5038 2300 3159 1231 7138 4903 4312 6502 2650 4860 6640 5307 7213 3750 3833 2596 5897 6173 2105 1204 3252 3038 4970 6370 2155 4199 7073 6018 4936 1921 5821 3317 4302 3271 7279 7942 4101 2655 5190 478 5796 1368 962 5070 2330 5017 801 5531 3203 5249 4800 946 4147 6035 4276 3665 934 7031 2803 1922 4688 7955 1746 2030 5260 3076 4745 1917 6798 2792 7851 7323 2717 3285 112 5710 4928 4544 1612 244 3555 5898 1654 2690 3741 1235 4691 2262 2027 3537 6374 464 3024 7835 5047 6958 6720 6262 5787 3634 455 7450 1331 7434 3198 2277 2798 4845 811 5830 4448 2746 3320 3133 2783 7781 2147 7043 7950 2633 1437 2636 5786 1714 7075 6316 6375 4366 4615 2371 2004 3643 1244 6751 7526 124 5473 3205 3063 5178 3702 4659 4254 3668 7025 2024 2687 821 4348 7742 6953 5842 6854 2273 7615 1281 2327 6257 5092 2119 3781 4449 2207 1949 6655 4585 7484 6618 812 5811 173 6303 6477 5462 7773 6552 6346 2777 3883 6288 243 5031 6649 1846 2495 6844 6004 5760 5866 2676 4165 5728 1874 1981 750 6819 7932 3055 1047 4028 6079 4439 4888 7759 2566 3105 602 1194 2708 7600 882 6433 4467 5379 1910 727 405 5575 3215 6827 2398 4732 6087 4421 4535 5610 2810 4285 2845 5149 4342 4073 6365 4818 1301 5357 6116 2873 2041 4051 3749 5918 4214 4062 2548 3127 2222 5870 6540 5632 7694 5138 2341 6221 1812 2460 5540 2101 6646 4630 5125 6322 7284 7235 7047 605 1096 4672 7669 4405 56 1919 5558 7229 4290 5388 2518 4624 5679 4657 6765 125 6582 5657 5474 486 3763 5790 3545 1636 6051 5164 6881 1815 6950 5382 2961 3667 5944 2228 4762 4256 6745 5337 1826 1452 7597 6913 1334 5819 1061 7206 3601 2549 4525 6167 7834 7299 2930 4490 7566 5930 7522 562 3793 738 6068 6009 1081 1043 5026 7168 7689 1079 3327 5988 6994 2848 6557 7009 6152 7923 4597 4827 4505 6496 7754 683 6493 1150 5820 740 7753 29 4083 4252 7949 6058 551 2010 4766 1223 7935 1225 3708 1894 154 6577 1394 375 5762 2343 462 4235 4369 4249 7472 2670 3751 2458 5726 2154 7432 5111 4442 548 5183 2434 2790 7639 3356 5451 4132 6472 7778 3264 1399 7072 3569 7292 7426 4461 7703 5097 4549 929 2840 2190 5913 2807 2869 1754 5033 6330 2196 5297 1459 3559 4385 4365 3379 270 1639 3619 4768 1435 6441 7079 1598 363 3626 2978 7103 7480 1005 4603 4683 4642 5452 5375 6376 1945 3424 2009 7559 932 6145 2214 7211 4443 1551 1761 925 7040 1093 6900 5105 7423 2540 1728 5387 4371 4441 568 3115 377 7513 4041 4175 1370 6063 5151 257 1257 1025 1218 627 4524 232 794 2178 6427 3281 3563 5836 1993 3180 4571 3482 1969 5970 5252 1072 5243 3961 1899 5154 5748 2846 4660 5967 1139 2103 2882 3442 570 5708 6973 2125 413 5704 7663 1147 2279 2519 500 1992 2 7343 4317 6694 7451 2788 7275 7801 5212 6988 5542 4649 4950 3775 7046 6804 3727 4304 537 274 7345 5015 4653 1462 3836 7341 4460 2938 6170 3338 2758 7158 7427 901 3136 6214 5444 4752 4201 140 2315 3762 7108 3247 7933 6606 1092 7330 1764 3030 3346 5374 4620 7725 216 271 8000 3729 5656 123 7574 74 7784 652 5148 266 305 4632 2905 6504 4785 4973 3463 924 851 2898 1116 2952 6050 178 2984 3495 2034 684 6796 1102 4662 7903 3981 6318 1971 2219 7217 5529 6930 7012 6761 6601 3089 5631 2837 3478 7105 2682 6345 5873 5751 7169 4790 7980 3971 6287 678 5094 3551 2478 4863 6299 7505 4039 6927 4454 5969 4158 7988 5788 6584 7511 6024 4136 6678 7875 7707 888 6792 857 5082 4207 2394 3373 6294 4099 4001 4272 2820 3986 7553 5956 622 7035 3058 6450 1980 6255 5318 2152 5642 6189 376 4131 5495 2259 28 3360 4275 1480 908 3681 7761 6912 1013 4094 5041 3165 5600 4687 4965 954 7147 4035 5993 1038 3963 876 1027 2834 7375 2657 6339 3985 7756 4988 1701 2324 157 3724 1999 6047 2786 1520 7783 2847 6607 423 6216 299 3502 1274 4309 5051 4488 193 6084 6176 2052 4859 5753 6652 5229 752 2934 202 7146 3106 2529 669 956 6117 3230 2641 2893 1898 6119 5807 275 931 3233 2089 1924 1625 6651 3500 5133 3037 6729 5923 4058 360 2079 3253 7001 977 3193 5265 7683 5963 4502 1896 7638 4959 7541 5286 7270 3395 7483 4008 65 2163 4889 6389 830 3647 1718 6436 7924 1657 1243 2937 762 2564 5768 5261 6647 4621 7026 2032 354 5817 1034 6897 4047 706 3650 7468 6974 723 3402 1242 6329 4770 7452 7380 2612 6383 1022 7317 3970 2552 2369 6529 1563 470 6234 4669 7769 3706 4986 6002 5310 3940 2416 6610 5483 2158 6883 291 1669 1053 6838 7133 1665 7050 408 6629 4561 840 2183 1474 2812 4177 6492 7223 4139 6094 6691 4231 1599 7210 3568 1880 1709 3766 2890 7838 6387 4840 886 1401 3644 5429 6987 2379 4333 4977 4347 1063 7617 4157 1078 5573 4874 699 6282 4380 2852 1750 7746 3003 7036 3896 5420 374 5720 5225 3558 2929 393 1550 6585 5716 4065 4294 191 446 1417 2174 5887 916 3057 1369 6737 1762 5959 2891 6636 419 2732 5815 6705 2772 1412 7151 4562 681 4178 1347 3759 7939 677 169 1273 923 1540 5262 5282 2020 7058 1774 2779 5629 2038 4713 4651 6712 480 5808 7813 5561 1477 5681 5717 5739 2229 6500 5672 3954 5806 6704 4949 2986 1800 1832 4540 2830 6056 629 5269 4280 2510 2864 1700 158 3488 114 6546 1099 6810 2736 7056 1496 3001 1503 1753 411 357 495 6478 7287 6344 4160 159 1120 3152 4489 2551 5381 1707 4722 4154 3290 5464 572 4856 4583 3787 1594 7322 7306 1082 5132 927 6324 2773 2583 4822 1076 5527 4011 5498 3881 974 3235 3998 2100 4925 5367
Route 6: 4754 3597 5062 1779 613 1602 4388 6206 2070 6272 2756 7422 1414 6748 4174 407 4686 4412 18 745 5860 7062 6182 3436 3468 3622 6554 710 890 3104 6808 7662 2209 2177 7562 6413 1694 3767 4164 961 2269 4853 2744 7118 2108 3081 4480 1298 3095 1634 3892 4358 5128 7005 5096 6521 6161 2669 777 3680 101 1489 5854 6614 2762 212 6291 4068 189 6381 2238 4760 4459 300 6390 1686 1848 5693 5392 7589 3814 2849 6183 4126 7465 3348 1449 5143 3086 5622 3919 1876 4714 6434 3306 5251 1867 1113 2017 6235 4556 3607 6391 6669 5489 6556 6222 7674 3660 2675 1576 7413 7940 5376 3331 2917 4086 4211 3375 5659 5782 6865 5035 3324 23 3219 2274 6830 4172 2040 5303 4050 7717 5299 4557 1136 3466 2002 1575 4940 2184 7176 7166 7820 5325 5781 5247 4077 1807 7945 7392 36 4192 2389 7843 5769 633 573 45 7034 3243 5856 5236 1211 5503 43 5732 2784 2307 3687 4145 4450 6499 7266 4284 6758 3403 4303 5206 6163 3131 7010 468 2745 3355 7610 278 5971 667 5009 4269 5281 6818 7728 1054 979 5320 7394 3088 5534 4482 7654 3722 194 7498 4825 3351 3311 5276 3296 536 4031 4759 6891 1941 1745 7745 3164 2461 6684 7810 6536 4944 5893 1830 3347 186 7232 3048 3448 1420 1180 7517 2562 2957 1359 2164 1395 7666 2230 3101 1068 7065 3539 5537 6420 2490 2008 4337 7994 1606 1879 4962 2477 1367 1533 215 2811 3148 1957 736 1351 823 3503 5552 421 6757 5497 2993 6041 1073 707 3370 5330 4402 1758 7872 1226 2498 4066 506 4811 7618 1572 2409 2309 4089 7914 7693 4929 47 4538 5623 5481 3927 235 2294 89 624 2577 3329 6518 3016 12 6343 720 7722 6809 2331 1902 6921 3457 2623 211 1386 3738 7482 6949 249 5055 6275 3561 885 7219 7680 2539 665 868 2160 4428 5577 6850 6005 4002 6909 1851 6446 7312 3967 6864 5655 1998 6361 1042 353 4832 4656 3685 3937 7552 4078 5028 1759 990 4650 4007 328 3099 2220 5029 6057 3070 621 1322 6665 6337 5394 5454 1422 6626 1895 1818 2097 5052 4125 3298 696 4661 3323 3715 7402 7021 1250 7583 2365 516 5372 2451 565 6327 3608 1167 6268 5532 2530 477 5641 3374 4966 3410 7701 637 3742 4423 424 4082 5680 4706 7537 610 2393 6755 7749 7307 2298 7261 1293 3381 6847 1227 1823 7655 514 5595 616 2198 4321 3345 6081 5277 5463 6326 4873 2278 5280 5126 6099 156 5563 3875 7271 3470 1996 1017 11 400 6046 3000 3146 6349 4000 6368 1929 1258 2763 3606 1304 6788 238 6064 5591 6448 2794 3268 6394 6570 7363 332 7364 7260 7191 334 7561 2586 4664 4205 4504 1651 2487 2509 1562 2407 2069 3259 2992 8 7866 6946 836 6147 7862 6548 2729 294 2505 2976 5123 4133 1667 6223 2851 726 1010 5840 6416 1703 4213 1372 4384 1457 7410 4386 806 2785 2559 619 3944 3377 3830 1765 590 7584 1607 5268 2613 1624 5779 5245 5839 4671 1796 1937 5571 2787 6535 2138 550 2351 3591 122 1114 6431 515 3941 905 4658 5676 749 1040 1191 5323 5305 4121 3533 4610 1426 6876 983 6995 1988 5256 5342 577 4003 3807 3690 7523 7236 2684 5089 5500 4737 1074 1105 7673 5477 3405 810 2175 660 4987 7648 546 2719 22 4803 4184 1814 206 1236 7772 4815 246 7546 6111 1628 4575 1467 6616 2210 143 7825 258 111 2417 2823 6531 6602 2621 5165 3256 1632 3637 3598 4019 5699 2896 912 1578 657 6627 4617 3267 4152 4916 3029 4804 531 5646 2234 7041 1582 4841 7986 1934 1170 4976 7535 3071 3 5663 615 6639 7334 1586 3728 6676 2376 6137 81 165 1262 6716 5985 3904 7344 5358 1134 771 4674 1207 3858 4148 4244 1381 396 6495 7938 7205 6082 6906 2352 7691 1687 1923 415 4208 1012 7400 52 994 2047 1065 1834 1337 3447 3121 4572 3056 1247 6325 6938 7115 3477 9 3494 6367 7039 4135 7943 3421 6188 182 4861 7356 5030 4912 6185 5638 4782 3080 5666 3693 4093 5903 5653 7990 5548 969 7898 2674 6409 4886 1529 1904 4341 6709 7679 7978 6352 5592 7686 4399 5100 7757 4542 7896 1900 1514 5448 3140 1001 1212 4116 7737 3662 31 2383 3120 3480 3849 6771 6947 6622 5032 3067 7499 5521 6783 6313 4268 4568 3624 549 5702 1508 1889 383 5737 7473 6963 2055 6419 791 5273 3852 1674 3144 7207 6959 296 4271 1608 6432 6979 2304 7839 1854 5941 7634 1560 3220 6992 3249 5461 1911 3126 1494 3430 5293 2501 7594 4403 427 7282 1473 1338 798 7947 1825 1011 5940 582 1327 1791 197 2380 3103 6460 3939 7425 3435 2260 3799 6132 2940 4166 7373 3802 7366 499 1785 4508 6010 802 3270 5443 2963 6228 5329 6233 6562 3160 1755 5465 2994 6944 392 4900 4468 4491 286 6292 1731 7916 7842 2818 1325 2194 7724 939 6576 5013 2419 6207 567 5027 4060 3618 7882 1055 7760 1883 4895 115 2666 2734 6824 5533 4641 6986 1266 7267 4638 5399 7265 870 4720 5059 2831 512 7143 4836 3800 340 6457 3042 2707 7407 2590 1806 4383 1332 7399 7193 4122 3297 7221 7038 5976 2853 99 4424 1469 4864 7315 5369 2257 6454 117 251 661 5214 3059 7744 5173 2143 7297 1088 1768 2005 3340 554 3746 3367 4516 5141 5274 6397 662 2646 4325 6605 6561 1444 7727 2789 3438 1340 7350 7532 1786 1160 4360 3531 4278 7486 4510 4246 2388 6525 2980 7241 2136 5931 1722 304 3978 5553 1129 2286 5766 7992 6172 5502 4306 5838 3484 4410 2464 4398 4346 7603 2202 2919 7881 530 7877 1197 6917 2950 3189 7333 701 7861 6153 5894 4357 2594 5557 2447 3514 1356 4776 7919 3022 7768 2926 7564 7540 697 3652 4997 3098 7294 4719 3868 4298 7253 2014 2440 3087 2801 3498 6983 2769 4519 1522 4946 435 2839 137 3521 6673 7389 2667 4081 6466 3130 1277 2406 4847 5348 6677 6834 7086 5568 5156 5057 7934 7857 6653 7467 3880 6886 1698 716 6795 7281 5580 4176 5602 4187 6534 475 1723 7643 3982 5619 1536 1886 1024 4334 4607 5731 6399 6659 2877 324 2384 1287 5588 6328 1316 6265 7436 3501 628 5456 5865 6491 1749 3118 5313 2127 6972 540 5073 6563 5227 1585 223 398 1330 5522 543 6648 3239 418 2000 4605 2855 600 754 6249 5921 843 6802 394 260 6356 5457 1300 75 6805 5696 1744 2672 3771 3997 5466 4186 7944 7002 5296 6549 7098 5232 1769 4445 6762 1655 5593 25 1677 1505 722 346 3166 7444 1309 6791 2723 7803 5607 2601 5740 1187 6656 2916 645 94 972 7020 4934 3873 4991 6654 3636 2703 7667 6724 3547 2914 7097 1918 1872 5902 2284 5965 7003 2765 5060 1906 3257 2094 428 7490 7604 2267 5625 5122 3828 2169 4955 5851 5875 2424 5775 7359
Route 7: 4137 3110 3134 2206 4589 7179 7272 5233 5978 5798 6424 5134 5209 3777 6905 3663 6754 3562 3064 7622 5599 2132 6860 4425 2181 1442 7225 2911 6039 1724 4943 1732 7613 2523 3135 2176 2310 1453 7424 6141 5007 489 7000 5002 3443 3642 7032 40 1760 6538 2659 6902 4299 1646 1789 365 2606 7692 4026 5086 2815 7470 2513 4476 5447 2599 5150 4527 2825 6175 7351 5023 5433 494 1192 1587 5182 1571 859 1903 4880 5014 4351 1702 3211 1071 6699 6663 709 86 5520 3862 6239 756 6290 620 5413 2748 7510 4509 1018 5271 7154 4253 1527 2766 5255 3407 1577 5727 4608 1589 7051 1556 1588 7883 4006 7121 2971 1084 1574 2170 4639 5316 3756 5264 1787 5713 2695 1411 7440 1741 3725 4594 4324 502 431 82 4679 2337 635 1946 6630 3007 1199 5230 6853 6133 5650 6358 4493 234 5570 6527 6306 4479 5153 3273 995 4092 4397 3812 3617 6923 4837 980 889 7557 1032 1023 250 487 6925 4573 3951 4072 5989 3291 6841 7384 3178 7182 2357 5036 4622 4119 1183 6008 2488 6899 2537 5572 1833 5078 2481 1970 4511 809 6512 7433 3333 2637 4296 6045 2946 2491 5335 4499 5643 1766 351 2422 3209 6435 2355 7592 7377 3153 7442 183 7817 5603 1110 1645 6227 4216 7181 6586 6458 5258 3504 5890 1666 7751 4485 2585 6683 1052 1286 1346 1398 5554 2614 2593 2816 2886 4155 2291 767 5560 2541 4602 4429 2856 1015 6162 6544 5129 4034 1451 7631 131 2120 774 5852 3107 4055 5435 3032 5292 479 3527 6243 2395 2326 3682 3677 4530 7175 1641 3847 2563 2968 5590 6849 6388 4079 837 5208 3820 4438 5507 2335 7588 4107 1569 5302 473 1776 2749 2702 529 4200 4242 936 3832 6075 553 452 7568 1932 4474 4625 1958 3141 6425 5442 5670 6295 1101 3574 5025 5115 3046 6355 6123 5755 6918 57 968 6418 7700 1948 4389 3510 6506 2771 7404 7837 2872 4654 4138 6545 7547 3262 7582 1801 24 1077 6815 4322 584 4693 4778 3577 2045 352 7876 5104 5694 6016 3605 6522 5883 6532 5476 6476 134 5576 5180 3520 2159 4918 6782 1798 671 2912 533 3411 712 6595 6246 2578 3156 7016 7309 1283 7695 7300 1811 7059 817 2360 1609 3066 6523 7821 4746 3499 6803 3018 5091 6304 2168 2850 1968 6932 7912 3593 187 7649 6251 7214 2814 1844 5928 1478 1827 3392 5916 666 7636 3737 4908 3352 1804 4830 1190 4846 6407 4431 1321 7908 787 1360 6933 781 4952 6309 7554 7224 3419 4353 4560 4237 5957 1419 6331 4197 3516 6054 5745 3469 32 4163 1497 3679 2439 915 1748 5741 5703 3108 3371 1085 3815 5831 7521 5516 3968 7538 7972 3783 4015 7836 6878 508 4496 4194 3596 4382 2547 5824 6547 6975 219 2473 2602 7917 3185 7929 6977 1991 151 6719 3013 5644 4623 747 919 3391 3474 2067 2556 147 3493 2208 7854 433 3716 1635 4914 7542 3322 60 7296 593 1553 3594 373 3823 3901 4858 5841 538 4074 1389 3683 1964 1317 800 2571 6488 93 764 3112 6104 7371 85 6560 55 2151 646 3091 2042 852 5421 5583 2647 2683 7259 3761 2939 4550 330 2135 4563 1566 976 3082 2900 3535 3344 3031 2805 453 6028 6774 2358 4368 7721 5061 7911 7355 5338 1484 98 5185 3195 3948 3497 3213 2751 4263 5298 1735 2078 6429 7702 574 5488 4025 692 6888 4270 1613 1117 5471 3565 7085 1390 7094 221 7871 4251 276 4481 1820 1810 5524 5564 7848 1915 2374 4012 7906 2718 592 5121 2506 557 6904 7880 5871 6203 5326 2312 1486 4330 4883 7447 1997 7614 4282 1009 5139 5792 6727 6715 1344 5900 3655 1855 6321 1155 881 7183 5161 4866 6632 310 6241 5949 3855 3890 4188 5237 2126 7734 7391 367 2730 7156 7514 695 3889 7135 6660 7209 6332 7979 7740 1821 6225 1365 7365 7174 1974 2325 3707 7102 1881 6533 5308 6181 2527 4783 6848 2431 713 7491 1721 1498 5016 7153 2492 3703 7134 3486 3843 170 4767 1548 2402 7007 601 5075 3376 963 1265 1757 3339 2863 5649 1967 1119 5877 4710 7764 6739 488 4567 5586 6150 395 2651 599 5746 6067 5910 2965 4584 3865 1524 5012 2240 6070 335 2192 1837 4576 4501 72 2037 757 3509 6213 4497 3671 7771 5987 7288 6475 5719 2956 7336 3302 864 7405 4115 7055 1994 1688 4247 6945 6334 911 2289 4111 755 2521 1966 7946 4218 1737 1662 103 5044 15 5562 4920 5964 66 5695 1913 3002 4981 2704 5222 3752 5925 7248 1682 7171 1824 105 3648 5973 5455 1706 3697 3541 3150 831 902 2450 6867 6741 7144 4088 509 4867 1528 4465 4352 4313 5835 6260 1481 7421 4004 7061 6687 450 3202 528 481 7967 3517 7128 6787 3100 3234 2960 5356 6526 4339 218 3365 290 4283 3182 1552 434 1995 2828 2021 1383 6212 96 7852 5827 653 6487 993 2404 6215 2075 7208 5541 2060 4233 7716 7670 5611 3959 4104 2942 3522 5184 4948 1415 1189 4996 2534 5555 7797 5034 815 7477 4426 1188 1464 6027 3154 6371 1542 4206 447 7123 3061 5196 3075 3721 4772 4812 3691 3526 3041 1847 4817 2543 5501 5090 6157 4455 6826 2531 2282 7870 7240 5585 4071 2364 2660 2426 2725 2375 4318 7132 6362 5906 4541 46 3657 1763 4972 4779 4305 2997 804 4373 3187 5983 5317 3705 6202 6710 766 7290 451 4980 5545 1299 449 4032 4634 1504 179 5608 5776 2340 284 2468 4731 2832 2875 6769 7961 1955 4788 6226 3910 2653 129 7015 1692 7794 7531 2302 641 1526 7349 985 4849 728 4924 444 5270 4228 4751 6439 5024 6248 5905 776 5882 1656 4503 869 3035 3404 521 7178 2321 6812 1954 903 4375 7607 2215 6060 6692 1506 5528 6722 4855 6314 7367 1454 5003 1670 5604 6284 6485 2139 7776 3972 6236 2800 7735 7937 441 5077 7750 1030 3157 6597 7982 7959 6198 3803 1423 2437 5569 5285 2616 2016 3870 174 1531 4512 3342 2211 1315 2897 2550 4161 3932 2342 228 873 957 7508 4113 3757 2804 6895 1221 719 878 3052 1976 1783 3132 3834 3544 7741 3111 7496 3921 4675 6335 6405 2752 6766 2124 4809 3393 589 3878 5624 2999 545 7664 3740 461 6456 3092 3732 935 3366 4599 3635 2597 3785 942 4221 690 1909 520 7671 845 1137 97 3991 3726 13 7715 3902 1581 2123 2308 1730 3993 2680 148 4545 5140 6611 6097 7590 7120 1650 5482 6271 735 3294 3572 2842 5538 4478 5914 5417 4857 1777 4935 6229 608 7723 6195 7092 1773 2200 322 42 6587 4586 4018 7904 3613 808 3861 1738 5736 7220 220 6204 1516 3507 1028 4473 2064 4264 247 4042 2698 315 2715 5405 5203 2363 3898 2661 7163 6410 7885 4601 7201 7004 1930 6681 853 3143 3835 2347 6065 4578 2943 3368 7849 3891 4628 2104 3289 5648 5675 7280 1133 4600
Route 8: 3897 6580 490 6598 6697 6558 2466 5556 6453 3915 7204 2029 2536 4344 3183 3552 5668 4521 5772 1908 4262 7826 4225 326 7549 3062 4678 7591 1461 3744 978 3208 5876 236 3248 309 7629 1195 3010 5613 4377 38 1045 7808 2224 272 5701 4444 7805 7902 6568 2750 5414 2951 4879 6842 6124 3231 3797 5146 2797 2081 5042 288 3238 5098 5895 1374 6006 4396 3819 1580 5199 2018 4534 2767 1517 139 2699 4941 2370 5961 5309 4532 2582 1214 5019 5068 3911 4570 6404 482 3261 5198 4477 6106 1397 6661 3384 1254 6624 2354 2572 3899 5095 2367 5958 3079 409 2697 5747 4723 4250 4756 2323 5789 7775 358 7973 4110 4548 106 2107 3280 6612 6421 7048 5939 4183 6967 2679 7122 4725 768 989 3813 6140 3576 4185 7602 2467 6907 5240 3277 1795 3310 1633 914 617 7708 4555 4151 4726 3983 7082 5626 4168 3979 7150 780 4226 6698 1490 1184 4792 5119 6342 680 639 5018 1263 1935 5733 6542 6480 7308 5081 2362 5043 518 6232 1130 4048 7461 7063 7556 5872 7971 6298 7596 6852 5289 3610 339 2053 1491 1863 883 136 4998 1684 5120 6508 1272 1884 6811 2735 6100 1357 6667 54 6347 4580 2280 6569 805 6768 5598 6934 4574 2802 3748 7576 7222 588 5395 456 6619 7008 1938 3958 2056 7846 7492 4995 6514 7720 5327 7170 412 4595 6219 3623 6384 1939 4881 4108 7325 4440 3019 1495 369 2876 1868 3458 4893 4097 5152 7901 4990 6785 297 217 4374 5422 5605 2264 4159 3646 4939 679 2261 896 4577 688 6732 3543 2088 4750 2511 7668 3844 3200 6872 3044 313 2866 4036 2854 2039 1033 849 3587 2996 5177 7859 2865 2486 7119 2921 2665 5205 6474 1565 5919 5547 944 7516 585 7379 2722 1324 5584 5999 2436 3735 1488 3839 5069 1507 2668 2570 6784 654 2448 1319 7408 7512 1661 7084 569 1472 4498 855 3675 6793 7678 4395 2453 333 2713 6348 1631 638 6403 5 2062 769 7454 597 3864 2691 1567 7612 7321 1840 3550 642 7795 860 1279 3254 7807 6701 6080 5674 3245 2949 2465 7509 4953 6115 7651 7928 7126 7054 6482 3321 6468 4144 6603 7441 2901 2266 7936 5332 3661 4153 6301 1003 7189 6910 4887 5437 6289 718 4727 4335 6283 6385 7704 1124 3556 1407 1931 2248 3886 1156 4112 3699 1019 466 1289 6196 2982 5946 6969 388 5099 7941 813 6042 5721 155 5551 3778 1643 4390 2907 2252 4964 2106 7628 559 7476 862 1849 5083 3713 2908 2884 1416 5651 7101 6200 2189 95 83 5880 7464 967 5346 5864 7888 4582 3960 4565 3651 4824 3229 3467 6089 1853 198 1822 6177 5494 5826 1534 1291 7586 1460 1638 3515 1642 2456 6354 5368 792 2333 7081 854 1413 866 758 6108 3923 3506 2390 1174 100 5040 3210 5658 2044 3206 4075 4471 2237 643 3265 3866 7374 7767 7637 6061 1619 5213 1425 5113 1483 3288 7393 79 513 7360 5470 1361 7111 3085 1253 2150 3922 5845 4789 945 5312 7567 775 3228 4700 1593 73 5929 3276 21 7463 343 4910 4258 2964 7397 5849 2443 4902 5241 1228 7645 4957 2774 6816 4609 5453 2662 3362 6193 1161 6237 5742 7430 4894 6924 686 7635 4349 4414 7313 1513 7983 2146 3123 4076 7462 7874 6567 3400 440 5366 4370 4777 7148 1668 880 6915 5863 6914 4513 3224 7515 5686 3303 5974 1726 603 1892 3772 5137 3918 5147 3423 1062 5294 6890 4885 6744 6486 7550 5707 320 2757 5246 6135 4558 7329 6821 1465 1936 2753 6638 4805 406 3850 164 37 6129 5685 904 3487 6437 7599 1175 1154 7429 142 5907 7991 4528 5535 5087 2709 4781 5992 4985 1782 2268 4960 3582 6025 7889 4875 949 1142 7609 2485 92 841 5426 4230 2503 5106 4734 7620 7142 7790 2584 863 7088 2741 3409 4614 3179 6609 673 5238 7886 7017 1715 1502 741 6916 6463 282 3950 5254 1584 108 4749 4462 2609 1016 349 5496 3554 2761 3656 3315 1268 1406 7710 6851 6443 6596 3969 3326 3845 1888 4647 7125 1269 3422 3926 4356 1963 2638 564 210 5259 1813 3336 4198 591 6706 7107 4381 6594 532 6937 3017 7130 3074 5110 1240 4049 1060 2329 7964 2480 3415 1431 918 7563 1778 240 2595 6128 2270 5617 2455 7276 1614 3640 2913 6278 3279 4868 1393 2515 2502 2320 3232 7228 7022 7091 7167 659 4631 3831 6990 1222 7823 3173 3188 483 6015 6340 7755 2522 2110 4437 4942 7131 6400 6242 3602 5869 7539 1828 2171 1428 437 16 325 5982 1561 4514 3893 7581 6735 2414 4124 2740 4463 4828 4038 4742 7684 5511 6668 1943 2063 3788 1264 7418 4100 1549 4059 2928 7892 6511 5950 1681 1408 7850 5715 5401 6593 5287 5729 3425 1983 7326 2631 2314 1039 1176 4378 1164 3638 3350 3036 3841 6465 3947 3792 2764 4495 6856 2575 259 6479 587 3734 964 5515 5691 7251 7293 7305 1664 144 5853 2133 7090 3879 5409 2185 7033 2231 6682 5425 4763 2760 5093 347 3966 648 5436 4551 5778 3962 6721 26 7368 3396 3155 576 5248 948 345 6192 255 7853 6778 6565 7816 1306 4189 1335 997 1057 245 7019 556 4336 5536 2373 4064 1132 2197 2910 5192 2319 7605 5063 3382 1816 2221 1320 3906 3669 2322 7064 5822 7965 2400 1740 7161 4393 2533 6759 2598 5688 7731 7985 7858 128 2201 5711 2082 2634 5770 7269 4430 1049 4780 6109 4267 3653 4300 3846 2058 2445 674 2475 6217 3949 5968 3462 7069 7495 7029 897 992 6875 7998 1000 1159 6880 5406 420 6779 7089 6929 3459 7403 2579 269 6505 4080 5884 279 2497 7766 3877 5275 2287 2116 6884 3528 5300 7109 4807 6507 3312 636 4702 1564 973 7195 6976 1713 3946 443 1617 4209 1942 6887 5567 1859 5347 1979 4862 5235 4690 1014 3583 6962 1146 3745 5722 3869 1725 7390 2944 1305 102 3790 6820 5084 1693 7160 222 7218 3754 2366 2345 6194 2605 3994 1952 1962 1928 2338 2685 7752 7774 7719 1354 1037 4193 6444 5917 2972 663 7500 3611 3851 4666 6417 1891 4494 5986 7346 4681 6364 975 5874 1475 387 1248 827 6730 6643 3580 5418 3293 1591 4640 1532 2649 1280 5210 205 7173 3039 1282 6708 4839 3774 5301 640 2173 835 229 44 337 2755 4420 7533 5735 3162 7672 714 2775 3387 4975 5661 5144 7963 3212 327 3433 3119 7502 7630 3236 2025 3483 3871 4611 6840 999 3242 3943 5344 5955 4507 7865 7977 1352 6901 5780 765 3485 4999 819 623 5345 2317 6843 7428 1989 3440 2822 1600 1568 5228 7388 417 7506 4869 2706 7149 1973 1720 6168 6270 5211 4931 3054 5834 7660 795 2470 2098 4096 1647 7565 6984 4697 3876 2050 796 2520 650 4633 7910 7606 3045 6319 3125 3142 715 1781 7575 6038 1446 1637 7675 402 6637 3822 1006 1241 1048 6870 34 3625 1947 4084
Cost: 55304.000
best cost: 55304.000
