[progress][seq] epoca=1 | epoche_rimanenti_prima_stop=500 | tempo_trascorso=6.1s | tempo_rimanente=293.9s | best_cost=69315.410
[progress][seq] epoca=3 | epoche_rimanenti_prima_stop=500 | tempo_trascorso=18.1s | tempo_rimanente=281.9s | best_cost=66931.767
[progress][seq] epoca=4 | epoche_rimanenti_prima_stop=500 | tempo_trascorso=24.1s | tempo_rimanente=275.9s | best_cost=66438.705
[progress][seq] epoca=5 | epoche_rimanenti_prima_stop=500 | tempo_trascorso=30.2s | tempo_rimanente=269.8s | best_cost=63026.735
[progress][seq] epoca=6 | epoche_rimanenti_prima_stop=500 | tempo_trascorso=36.3s | tempo_rimanente=263.7s | best_cost=59015.185
[progress][seq] epoca=7 | epoche_rimanenti_prima_stop=500 | tempo_trascorso=42.4s | tempo_rimanente=257.6s | best_cost=57405.384
[progress][seq] epoca=9 | epoche_rimanenti_prima_stop=500 | tempo_trascorso=54.6s | tempo_rimanente=245.4s | best_cost=57259.593
[progress][seq] epoca=10 | epoche_rimanenti_prima_stop=499 | tempo_trascorso=60.7s | tempo_rimanente=239.3s | best_cost=57259.593
[progress][seq] epoca=11 | epoche_rimanenti_prima_stop=500 | tempo_trascorso=66.8s | tempo_rimanente=233.2s | best_cost=57200.389
[progress][seq] epoca=12 | epoche_rimanenti_prima_stop=500 | tempo_trascorso=72.9s | tempo_rimanente=227.1s | best_cost=55948.502
[progress][seq] epoca=20 | epoche_rimanenti_prima_stop=492 | tempo_trascorso=121.7s | tempo_rimanente=178.3s | best_cost=55948.502
[progress][seq] epoca=30 | epoche_rimanenti_prima_stop=482 | tempo_trascorso=182.6s | tempo_rimanente=117.4s | best_cost=55948.502
[progress][seq] epoca=39 | epoche_rimanenti_prima_stop=500 | tempo_trascorso=237.5s | tempo_rimanente=62.5s | best_cost=55887.430
[progress][seq] epoca=40 | epoche_rimanenti_prima_stop=499 | tempo_trascorso=243.6s | tempo_rimanente=56.4s | best_cost=55887.430
[progress][seq] epoca=50 | epoche_rimanenti_prima_stop=489 | tempo_trascorso=304.3s | tempo_rimanente=0.0s | best_cost=55887.430
Route 1:
Route 2: 7274 3692 2523 889 980 232 6151 7354 7598 1605 5847 3609 6171 6652 5753 4859 7448 2737 1861 6588 2484 6438 3150 3587 849 2996 1706 3514 2447 3648 5973 5728 4051 3749 7406 3426 2212 33 2929 393 902 2041 5357 4745 1148 7485 5173 4284 4035 5657 5474 3649 7529 3523 2263 3607 4556 2467 6907 3359 2283 1079 3327 2306 3177 5938 1008 3490 152 6217 1198 3414 6251 7286 3641 5885 2162 6378 971 1673 1550 435 4946 6605 4325 2646 3555 5898 7155 1612 244 4265 7708 1660 3481 4109 4368 7721 4685 1206 4733 3711 1528 4465 2013 1510 4867 5835 5995 3557 6948 1751 7901 5489 6222 6556 944 5824 6547 4870 865 6743 4363 5721 155 2689 7758 1927 7720 336 2688 3614 390 6843 6668 7979 7740 1821 1943 7928 6344 6478 7287 861 7353 222 7160 2411 2554 3853 6159 4392 2246 338 6134 3423 6726 5886 2199 3408 2149 2979 3709 4388 5996 2794 3268 7556 7971 5872 1149 1434 6838 1053 6950 1815 1790 2771 7404 5876 1948 4389 7008 6619 3248 3458 606 6144 5485 4052 3902 1581 2123 4548 4174 7140 3239 6648 6414 4522 7405 7216 1260 6577 154 1100 6253 3130 6466 1277 6096 1916 5773 4497 3671 4043 2666 2734 2608 1535 2931 5784 5614 5373 5053 3167 7197 2092 6753 4895 1883 115 7760 6974 4487 1445 7825 143 2210 7546 438 4626 5692 4537 6567 3400 6472 6283 6928 7873 2249 4279 5017 7281 1645 2084 200 1616 4886 7674 2728 3525 2083 107 3328 5459 1438 4602 2541 7290 3368 3424 6763 2576 2217 5090 5501 693 6360 5135 1570 379 4372 1308 4612 6368 3146 3000 6046 1951 4980 2374 1915 4201 4752 4801 7164 4134 4591 1070 401 907 5139 7189 3534 3417 689 4540 4735 5892 2676 4165 5958 2367 3348 7465 7755 6725 7656 4930 6644 469 3634 5787 6408 2444 604 6776 943 6279 7201 4601 4724 4143 2580 3924 1546 3848 7272 6710 6127 6267 4227 5150 1865 2065 2890 963 1432 7654 3722 4482 929 7986 4841 3249 6992 3680 5986 4141 4213 2133 1523 1385 3071 2762 5854 6614 2884 1416 4781 4985 5992 4204 1348 5495 376 4131 6189 972 7020 3862 86 709 3206 4011 6507 4838 6351 2441 80 4536 4442 7432 5111 597 7319 6773 3475 3159 4421 6087 4689 600 2330 548 5183 4889 2163 4958 1850 4414 3263 3364 2837 6601 5631 3089 5147 6001 148 1562 3612 5011 922 7105 2682 1602 613 5469 4347 4333 4977 859 1571 6072 1427 7259 2886 3035 481 528 6044 2827 1297 157 2324 459 4747 7118 2108 2744 1403 6543 2522 611 1292 1482 5136 1388 3444 1958 4625 6136 7840 6715 1344 5304 7022 2620 3808 6323 3942 7635 5249 3203 6458 6586 1965 3044 1918 1872 3510 6639 5663 6230 7700 2346 4761 2918 4418 3262 7582 2729 294 7706 3219 2274 23 4172 6830 3732 3092 6208 4816 3699 3393 4182 2779 5107 3858 1207 4674 3664 1831 6416 1010 1575 2184 4940 4403 2501 7594 4106 6839 2987 2003 4893 4097 6278 7893 1875 6092 3581 1447 1380 1514 1222 6709 783 6985 4696 4983 7335 7560 5954 4297 4542 5710 4544 4928 1856 4069 5828 3354 1522 1804 811 7194 2410 2495 1846 6649 5031 3531 4360 1160 1138 2403 6793 5181 5960 3675 1131 6844 6004 2245 1326 4226 5295 6126 7946 4241 4600 5668 3255 1858 4564 3096 6422 2368 7368 4136 1271 630 1867 1814 206 1236 7772 6505 1712 7187 5859 1295 3330 5455 1436 468 4022 933 1743 7682 6516 301 3719 1310 4670 6574 5718 6714 395 897 2617 6885 7106 6707 3059 7744 760 265 5816 6869 3353 1653 3566 4256 6745 1470 5430 5035 1574 2170 1120 159 3152 1257 7336 772 5364 5606 4054 7657 7220 4553 4787 3760 6972 2127 850 237 3659 2427 6014 6289 7940 7413 6210 5837 1674 1500 1975 380 3678 5930 7234 807 2086 1864 7955 4688 6322 5125 4630 791 7520 7396 6107 2935 5935 1288 7936 5089 7793 5379 7285 5538 5366 4370 6664 5363 1081 1043 3774 7786 7814 4240 5627 2068 4888 3653 7244 5355 3072 4503 2725 2426 4301 5158 4804 531 5646 529 4200 5684 6591 6891 1617 4209 443 7684 761 6467 3574 1101 5669 2015 2635 2949 6355 3046 2602 3795 2870 6760 833 1860 5524 5564 6960 2974 5572 2537 1741 2016 174 3870 381 3272 6268 5532 5036 3599 4446 3872 4836 7143 7434 3968 6054 3516 4252 6875 7998 3549 7159 6913 2031 1450 2500 4299 1646 3966 1879 4962 2477 729 5487 547 1046 6363 5362 3047 3801 5436 648 3803 614 2114 3926
Route 3: 7289 5384 4844 5980 5833 6464 6451 4026 1016 87 2643 5378 892 3264 2575 4291 988 7401 7996 7787 6113 133 2200 3513 6645 7524 1044 3139 6205 1278 3908 3043 1985 4981 2244 1177 2166 4293 1956 7945 7392 6259 1890 6911 6328 1882 7320 6731 6903 7403 2846 5748 6036 4407 4660 5967 7830 3078 7583 327 7130 2343 462 5762 5230 1894 4619 2216 6284 6030 6893 1704 3028 5305 6511 7892 4899 2789 3438 920 3629 5714 2014 4997 3652 2926 7161 1740 2159 4918 6782 3520 5476 5883 7508 4113 957 3039 5628 1456 7701 3410 5576 7673 1105 4103 39 4987 3098 3745 5722 3026 1736 7253 3236 2037 6922 6090 7685 5153 3273 5445 58 5058 6895 2582 4142 4532 1422 5454 1695 4362 4502 5963 2219 5529 7217 4771 7528 369 3826 3299 5649 2863 391 7262 4963 3253 2079 3115 377 7352 1563 470 3950 2255 9 3477 5604 993 653 6487 1568 2997 6973 413 2125 2911 7225 5172 1913 3002 3276 73 5929 199 6775 2423 4526 758 866 1176 4378 1164 3638 7966 2654 965 1772 1067 753 4449 3781 2119 7458 6491 5456 5865 868 2160 4428 658 1433 7109 3676 1940 7561 3322 7378 5400 1392 2077 6099 4596 414 7381 727 5558 6660 2372 1878 4635 3632 4183 6967 2679 3947 3819 1580 1577 3407 5727 4608 1589 7051 910 4676 6823 2741 3409 1789 1410 3603 1505 1677 25 751 7332 331 5891 1914 5016 7739 1163 4005 7467 3326 3969 1315 7540 7564 697 3383 5952 1203 7265 6270 2328 2881 2475 5492 3134 1351 823 4750 2511 1439 76 252 2478 3551 4520 6559 7531 4765 7530 1362 6722 3856 4195 6178 3165 5041 7767 7374 3866 7147 954 4965 3155 3887 7398 4529 188 7328 203 345 7141 7412 2076 1691 3260 4667 7318 5618 1066 2841 2118 7616 6097 5148 5658 2984 3495 1825 2723 722 346 6896 7590 4185 7602 7527 6813 5189 2060 7716 4233 5007 489 7000 5002 1331 3443 3642 4218 1737 7280 42 4935 4656 3685 1845 4387 2094 428 5060 3257 2765 7003 1906 7604 1285 894 4469 2350 1974 4087 1618 3789 6089 1853 6010 802 4508 535 3988 5171 2720 7057 2442 104 6444 5917 394 6802 260 7689 7168 4255 4884 6871 2454 2927 5478 2836 6513 7019 3193 4731 6852 5289 2053 339 7483 4726 7903 4662 3981 5937 3420 2749 1776 3873 4991 6609 673 5660 5409 4096 5848 4032 2282 7870 5271 4509 1018 5066 3489 6508 1684 5120 4998 5000 7196 3748 7270 5286 7273 449 1299 4593 1050 2754 387 4126 3905 1440 2722 536 4031 921 6807 68 7028 3094 554 3746 343 7463 6282 7954 5767 2247 609 7577 3369 4380 560 6657 1235 3741 4149 2690 1654 6142 2381 5256 5169 3434 2365 516 5372 7190 5758 3388 3033 6920 4921 4506 7883 4006 7121 7016 7309 2637 3333 7042 5117 998 1269 2922 1232 522 7676 832 4892 4257 3230 2893 6339 3985 4988 1701 7375 642 3174 838 2430 3453 1590 5500 7061 6687 450 5193 1355 4367 6076 7967 7128 3517 6787 2386 3724 1999 6047 6900 1093 7023 2995 829 5077 514 5972 4437 4942 763 4190 6350 5072 4945 3540 3941 515 905 6431 896 2807 7589 1848 5392 5693 472 67 6627 657 2265 348 6517 3467 3561 1157 5724 2002 5624 545 1667 4133 2248 2204 1378 144 328 3099 4007 4014 4919 941 6921 1902 466 6382 2251 773 1289 2752 4809 384 1019 2504 6377 3456 5336 909 2308 5861 262 2156 6703 2112 3563 3281 6074 3765 7907 7387 3536 6469 1396 1485 4406 2887 6369 2203 4898 4834 6836 2315 140 557 389 4791 5525 4663 4595 412 6112 7376 2429 6531 6602 6924 1357 3103 7442 4705 7301 5785 7886 4490 2154 6459 476 2912 383 6309 7554 6562 5329 3506 3923 4666 5241 2371 2712 214 525 860 3196 4215 6939 5321 4498 6342 5119 7175 3677 4530 6311 4758 7930 6316 7075 1714 3411 181 6498 1165 4145 4450 4090 6199 4468 4900 7333 6153 7861 3189 701 6772 2793 3654 5990 7757 1900 7896 539 21 3820 5208 1006 5609 429 7283 571 4904 2021 7507 3234 219 717 3776 3938 1172 3733 7968 6528 7609 2485 3688 5341 2865 5177 7859 5948 7913 2007 5149 2845 4285 5640 439 4228 5498 3224 994 2220 5029 2636 3970 7317 1238 6398 1659 2641 275 5807 1898 6119 5264 2570 2668 530 7877 3340 7741 227 1982 2747 6261 5809 3894 6638 2809 6551 1515 4767 4326 6555 4854 6040 5396 7180 1755 6777 5479 5670 5442 171 3221 3222 4756 839 6702 705 3086 410 4714 1876 374 5720 3480 3120 3351 7498 4825 1874 750 1981 2218 422 6183 6304 2168 3728 3454 3090 2786 7783 1520 6595 12 4060 3016 7665 960 5408 7584 1607 590 2124 942 1124 1931 1407 3556 5846 2391 5652 209 6139 6196 4713 4651 7991 4528 5808 480 7813 465 4114 59 5810 6724 501 4441 1657 1243 3449 6095 2899 1791 1327 2759 4636 6951 1822 452 3832 553 6075 3501 3956 4741 2940 6132 4166 3308 1087 917 427 7282 3799 2260 2579 984 6471 6473 7469 2499 5388 2518 7010 3131 2290 5700 7811 5775 2424 5875 585 7379 1168 5257 4102 3502 5051 4309 1274 299 361 6295 7331 5376 1196 2985 2850 1968 6716 5584 4693 4778 5229 2934 752 3106 7146 202 4611 4512 3342 7185 4721 2153 5596 7698 326 1652 7766 2393 7944 1744 2672 5696 7500 4239 7254 3025 1375 3460 130 3292 2936 6674 6573 5032 5315 1116 2952 5899 3491 5048 7449 7460 1862 3100 4698 3445 7067 1794 2101 5540 50 3045 1312 3479 4961 2532 7875 7707 2665 2921 304 5650 6133 1631 746 6091 4028 6079 6430 4356 3422 1698 6886 6925 2986 1800 1832 7337 4072 5989 4573 3951 2721 3639 5009 667 5399 134 5180 744 565 6327 873 3757 5251 4936 6018 698 6527 5570 6306 2476 7890 3329 2577 196 4655 1805 2377 5549 6584 5890 683 7754 4467 6433 4704 3548 7013 4808 4571 5433 5836 1194 602 2708 6779 1587 7597 2036 7256 6062 360 4058 1829 6218 4753 3772 883 5857 737 106 2107 4673 7829 5045 4574 1567 3223 5365 4849 3751 5726 2458 7416 7501 7726 6158 5749 950 1990 6961 6919 3240 1215 7897 6396 458 1859 6887 4496 508 6100 4405 6927 4454 3665 3404 1551 7211 4443 3674 4483 3572 3294 3973 2316 562 7522 3190 3473 7555 5194 1040 2860 3769 7900 1255 4354 770 1693 4770 5347 6683 1052 1843 913 7559 932 5212 7801 1760 40 7032 5331 4327 479 5292 3064 1555 6447 6272 2070 1313 586 3562 6128 3626 2978 592 2718 3578 5712 6790 6160 4851 2544 5267 5021 5034 824 2095 2625 3385 3929 6319 7847 122 1477 4531 6747 7611 4016 1986 3529 3168 3372 1064 541 1636 3545 6881 5164 1055 3618 7882 4160 4766 7935 1223 2731 436 2644 6899 2488 2687 2024
Route 4: 5340 3601 2549 5163 3805 5534 974 3235 3998 1202 323 5945 2332 520 7828 5565 7311 6589 5734 1547 3854 5293 3430 6392 5795 679 4939 2090 3227 3331 2917 1342 7809 7667 4371 2390 1282 1795 3842 1892 7592 2355 2586 4664 7033 6860 2132 5599 7622 1950 5094 5146 3797 3990 2724 4979 6544 6606 1092 3903 2795 7638 1896 3721 4772 2375 7653 1519 2535 1954 4001 4272 3373 6294 4099 6258 1430 670 3416 4179 2661 3898 7163 6395 5620 6711 4912 6185 3397 3101 3450 271 5405 5278 6299 7505 4863 1102 6796 447 7477 815 4012 3370 2345 948 5132 6855 5353 5431 7027 1556 281 7789 78 229 7911 7355 1778 240 1742 4822 2583 2773 5338 7307 2298 7361 153 5458 6175 1726 5974 6705 2732 5815 4614 3179 94 7933 1332 1806 4383 6374 5858 4398 2464 4410 5130 3207 4320 4306 5502 6184 7278 6114 2963 5443 169 2207 322 7526 6751 3702 4659 5178 6953 5842 3282 793 4348 821 1413 5220 5764 3014 1558 4307 6011 1083 7922 1184 7360 1977 6042 5099 388 2097 4332 3406 3767 4164 4527 7 3589 4802 7661 1391 991 1979 1338 1473 3921 3793 3761 4290 7229 1733 2739 1002 552 4969 6952 7324 5402 869 2408 231 471 61 5244 5794 5595 3036 268 306 4037 884 6977 7929 349 6248 5024 6135 4558 5246 96 5277 5505 3573 5635 6372 4295 5377 2867 1376 4042 5360 4865 4067 1596 3708 1225 2347 7338 3251 5896 3122 2822 1600 1711 4008 4504 1651 3934 2268 7819 4842 1468 7503 437 1734 2302 1526 641 7595 7149 6275 885 7219 2542 5004 2573 6420 2490 2008 4337 5888 312 4793 4798 5904 5447 5133 3914 7643 126 3500 1967 5593 1309 6791 3166 7444 2791 5352 1557 3971 7980 270 6663 5412 1135 1267 7279 7942 4101 3271 4075 13 4316 2892 1382 3200 6872 3211 4351 1702 1071 6699 2645 3208 1629 7683 456 236 5427 249 5055 2872 7837 2787 6535 3366 6456 149 2385 7545 702 935 1759 4599 3635 1156 4112 4618 7976 6833 3083 2578 1264 6494 4581 3472 4447 3780 5901 5426 4230 1075 3759 1347 1774 4283 2596 5356 2960 632 5645 3917 6155 4274 7127 6989 1360 787 5097 4461 7703 5499 4127 6497 6542 4409 3027 2909 1140 3967 7312 6094 4139 3029 4916 5733 7634 7456 5389 417 5299 7717 6548 6101 4044 4063 895 6118 6861 3431 5759 3943 5344 1117 5127 2022 243 699 4874 6375 636 6761 7012 5873 6345 5535 3069 2042 852 7867 1134 771 3112 764 5096 1849 862 7005 7513 4175 1290 2613 5268 5843 5864 5202 846 6335 6177 3116 2446 1402 52 7373 7493 2344 527 3015 6935 3644 3463 924 7958 6356 5296 6057 4216 6227 2790 2434 7515 2629 3704 3976 4583 3787 1106 3579 706 3650 7468 2397 166 2528 4238 1408 7850 5112 7085 247 4264 3462 6061 2962 2879 7736 2243 4972 6314 3936 7943 3421 5638 4034 5129 4978 131 3827 1107 6187 4056 7666 5656 3729 1611 4162 3442 6583 182 6188 5020 7864 3058 6367 233 1353 3135 7157 6940 5317 6202 3705 6503 3371 5884 4080 1887 6620 35 5015 4653 184 6285 2080 5805 4260 2800 6236 3972 2419 716 624 1394 375 6814 4314 765 6901 1352 457 7357 6917 2950 5398 1219 955 7342 1836 285 5955 3418 1109 4515 2933 1671 5900 5428 959 5813 3004 524 1696 2105 6173 546 2719 1947 5038 2300 6201 3933 6405 3931 3412 5601 1595 5314 7024 5812 1952 424 4423 3742 6942 3374 4966 637 477 5641 2530 7712 7407 2707 313 6737 4065 5716 4294 191 2777 534 4345 3295 3067 6947 6462 6310 2046 6166 7077 4217 1627 7511 6024 5905 4004 2512 1051 951 7865 4875 3079 409 6164 7856 1499 4073 4342 6526 4339 218 3754 6073 8000 5956 622 2715 4831 3630 5203 2363 3884 6625 947 7915 7705 3023 5113 969 6332 7209 7087 4223 858 1942 17 6102 5615 4648 163 3197 5403 6181 5308 4783 3402 2482 5697 3226 1543 426 3588 1717 3696 5662 6452 5636 5429 6987 3021 3982 2653 433 4717 88 7784 652 74 5300 684 2034 6035 1412 2591 419 6636 5240 3277 2622 1697 4989 2297 6514 5322 1493 1552 434 1393 7420 1144 6686 7475 2093 7036 3896 2685 6509 6995 6945 2983 694 6231 2043 1104 3157 5417 5554 3877 2699 4941 7009 6496 7730 6078 5850 2778 3538 4559 4926 5950 6958 5047 1443 3509 757 4695 1978 6672 2693 445 5228 3459 146 316 1650 7120 2589 3185 2225 7580 5679 5694 5104 5566 3860 6799 7402 1725 7573 6759 2533 3350 2823 441 2615 2770 3874 645 3996 342 1125 5877 432 7459 3163 4400 318 1323 7984 5903 4093 3766 1709 3984 3714 2686 4191 4937 5486 3723 5513 1166 634 1373 310 7734 7964 7083 2897 2550 635 2406 5844 2727 2035 6569 805 1377 6256 5518 6393 3844 7539 7122 4725 2261 1035 4565 3960 601 5075 7221 2951 5841 1620 3928 2115 625 7237 4739 6610 3939 6460 7170 7795 2172 1509 3731 1216 6053 5437 6819 7932 1324 7578 2611 487 4153 3661 3300 5754 72 1554 7302 1455 5654 4245 1077 4310 4444 102 408 7808 4561 6629 1217 4890 280 397 5761 83 2238 1154 4681 4835 6964 1817 5155 2012 2301 5511 5594 5676 4658 1091 1171 3616 5074 7779 4311 2817 483 7823 3173 5100 6085 7446 3141 6425 2486 6336 7390 6718 5472 7054 7126 7007 2402 4539 2516 2389 7843 2704 5324 6373 2463 7072 3569 1399 2443 2292 4017 2901 2266 1356 4776 4584 1027 2834 3451 6123 5755 6623 430 4984 6221 2341 4691 2262 945 4789 2352 6906 5494 3814 2849 4386 2785 806 5796 478 2471 5589 1466 1045 38 3382 5941 1460 1638 7586 7568 4057 5168 1119 7174 7365 2455 5771 2626 6600 7777 5319 241 5744 1866 5451 4132 4840 6387 7002 3771 3278 7453 7543 7962 3768 2197 3270 5122 5625 2267 1200 2319 1642 4152 5701 272 2224 7133 1665 5170 6359 1686 4474 1932 3879 3441 5587 2235 2456 3778 6224 7400 819 4577 4086 1069 309 7629 3077 2526 370 2914 6445 5881 1598 4579 3570 5374 835 6324 927 4180 4823 1962 3897 4795 555 6943 4627 2331 6264 5687 5522 543 4170 418 4439 6154 1047 7776 4456 4416 7538 2295 6818 5281 2804 3306 5001 7537 3663 6754 2599 518 6679 6211 5585 5541 3198 7340 3437 7993 6426 1572 2409 2694 7782 3670 6694 4317 4534 2018 4304 537 7046 3693 1335 7670 2842 6994 5988 5944 5834 6874 4040 192 7596 4424 3633 1955 691 3128 3810 6568 3598 7327 5046 1573 2435 1419 5957 4237 6110 1854 2183 840 372 7804 3610 2568 1459 3559 3779 834 4275 1480 3360 136 3867 2185 3209 6435 6758 3140 5448 3461 928 2628 2994 6944 7347 4896 362 6693 4587 5634 7314 382 7792 2148 4820 63 893 3068 1818 4077 36 1807 7388 3600
Route 5: 2824 2618 4323 6186 2610 1095 6232 1721 1498 822 6930 1920 6842 4566 5801 4956 607 5977 4459 4760 4108 7325 2019 1530 2876 1868 1923 415 1318 967 5346 5743 7748 6856 1029 594 7844 2326 2919 3054 5993 1038 7431 6858 3363 4393 6941 3034 3840 5065 3433 3119 1783 5323 1191 3739 7919 7768 3022 446 1417 2746 4519 4535 5610 4352 4313 2232 3356 7639 5689 5410 4431 5925 7248 4828 1938 3958 7176 7166 2976 5123 2505 7664 3740 6495 3694 307 4932 4976 7535 1487 6000 2673 3885 3478 2509 2487 7240 2993 5497 6041 6598 6697 5556 6453 1484 5772 1908 5441 5953 6212 273 595 4551 6111 4871 6847 1227 864 1014 205 4154 4722 1826 5337 3927 2294 235 2799 3151 257 5151 5348 4224 723 5423 7242 1152 2663 4610 1426 226 5380 2932 368 1852 7832 5025 3243 5856 2774 6816 3788 2063 1637 5852 245 755 1735 2942 4420 2310 1453 7424 6141 1732 7613 2493 160 2553 5439 1239 5611 6804 3727 4929 5562 15 2767 3060 4013 1230 7112 4292 1115 7116 6797 7796 4598 1724 2309 4089 4744 3305 3008 6845 4683 5591 6064 475 1723 7454 2825 4429 707 6558 2466 4206 4811 506 7356 4861 6103 2433 1306 4135 5318 6255 5860 4993 2904 5425 7762 3343 6121 3274 3075 5196 3061 2882 2103 1454 2726 7765 2871 1780 5975 3512 91 7255 987 1729 7491 4071 2364 4402 5330 315 5528 1334 5819 6148 293 1525 2303 3770 28 2208 2259 724 120 4361 4880 6690 2605 3503 1903 3192 344 3247 4699 6515 2808 2639 2975 5504 2581 3622 6554 2449 7223 5965 3321 5665 4435 6800 2743 1604 2020 3142 6331 4560 473 5302 7139 7052 4646 2396 6386 2137 542 7931 6411 4796 1727 5282 1540 5262 3241 2099 4668 442 4178 3591 1989 7428 677 7939 3160 4254 3668 124 813 7941 6417 563 7496 5179 7382 1930 7853 2524 6681 7455 6617 5831 3815 1085 6628 6647 4621 7026 2032 7952 7177 3806 3290 4146 6631 319 2111 6081 3180 714 6204 3387 1192 2701 3857 5763 4117 3113 2967 5827 7672 4222 3511 5674 3245 5919 6080 6701 580 7231 2465 2027 3537 3244 7688 718 1705 5224 6540 5632 6669 5547 6174 4692 916 7233 2838 5984 4661 696 22 875 4769 4818 5882 81 5088 6817 7100 3147 1675 3218 4369 4249 287 6742 6293 2648 732 4243 4580 6347 2280 958 6271 6449 4751 566 4125 5052 5678 754 3791 6670 627 2481 1970 6937 3017 1025 1218 7774 3568 1880 1428 3019 3304 7296 1224 6429 1763 1767 3041 1847 6423 6455 1922 7669 305 266 2811 3148 3611 736 934 2803 7031 1957 1710 7794 4858 6970 5174 7951 5648 3289 3175 1448 3953 2195 2603 1857 5303 4050 6829 2392 1005 4603 1189 4996 4948 1415 4779 4412 18 664 4091 1259 7652 1539 6305 4634 3720 2276 4156 3821 496 1912 7841 7623 3657 46 5936 7065 2066 4701 463 7547 6545 777 2669 6161 5924 1521 5677 2356 2436 5999 6991 6998 1276 4315 5354 4680 6143 4709 1507 4015 3662 7737 6825 4116 141 6049 4637 5546 5250 848 7114 7921 1270 3666 4147 946 7894 6169 7315 7108 3762 7480 7103 7880 1098 2009 4541 1945 5039 3585 213 4814 1431 3415 4000 6349 5375 6978 2226 7848 3231 3798 5581 3744 1461 4678 7591 6182 3436 3468 1929 6371 1542 3698 1475 7015 4385 4365 2776 2905 6504 4632 5086 2815 6905 3777 5969 4158 56 5526 4098 5792 3627 748 3763 3837 6926 1300 147 1248 5619 317 4 992 7462 4511 6892 4533 1424 2888 5005 6343 6929 7089 3258 7203 2145 4592 2955 4121 3533 2677 5339 1679 168 2236 5519 5349 7249 2173 2109 2651 599 7857 5057 7934 220 6489 685 1784 564 5259 210 4197 7129 1964 1658 800 1317 4923 6956 6020 2908 5083 3713 7371 2970 292 6882 1788 5467 6233 2633 1437 4853 825 6520 7800 982 1537 5141 5274 5578 5050 1409 2945 2462 1610 676 7884 4196 2977 3182 2474 7644 890 4934 2188 4652 2592 4384 1372 1934 1170 6912 7761 3823 7151 7827 2655 204 7165 373 3594 3901 7574 2748 5520 461 690 7097 1379 6658 5902 3126 2517 1389 1384 3683 2565 1495 5265 6315 1626 973 1564 4702 2241 5218 4730 678 3334 6156 6394 4151 4555 1429 3575 5966 302 1246 3864 2691 1666 54 4550 371 4478 30 2924 4590 938 5361 505 405 5575 277 5385 7620 4734 6025 2213 7756 251 6348 7370 7230 4762 2228 803 6738 4123 2025 6454 4777 6023 7062 4665 7443 2271 84 3265 5298 4578 2943 6286 5350 7534 7343 7797 5555 2164 1395 5093 2630 1251 3349 1634 1298 3095 5128 4358 6521 3117 1007 7624 4821 7359 2420 7593 686 785 4341 1904 5862 5782 6865 2632 3386 3764 6665 1322 621 330 2135 7550 2336 1566 976 4563 4171 841 5327 1441 1293 3381 3170 1716 2868 4877 5254 6203 5326 5517 3225 2775 5320 979 1054 7728 7982 6597 1517 139 4460 5415 7006 3172 2647 5421 5583 2405 6260 6197 1387 1910 11 1017 400 4259 7845 7729 6245 3782 7261 4639 1021 6730 6643 879 5683 1237 20 1358 4457 2257 2600 1830 3347 186 1688 4083 5159 5440 208 3687 2307 7969 416 1244 3643 4018 5838 3484 2384 324 4270 1613 6579 2496 2050 2121 5908 3439 189 6381 5008 6746 5333 5745 32 3469 7345 3032 5435 2543 4817 4855 2425 5201 2766 5255 1527 497 4738 4829 1220 6274 1926 2557 3817 6013 5699 4645 6877 4376 5195 4915 3730 6397 2134 5598 4909 6083 5234 4220 4312 6055 178 6050 5010 5368 5639 2813 6582 5309 4737 1074 4719 7294 577 3465 6604 674 6207 567 5027 89 6045 1720 4613 4329 1492 5227 6563 1585 3191 1644 1330 223 398 3703 7134 5266 6835 4349 5531 2612 2264 4159 5605 3592 1770 5414 1042 6361 353 4832 649 4422 1162 1808 1678 7658 3628 7642 138 2351 2965 7419 5927 1615 211 1386 3738 7482 5028 7313 6302 5633 6822 6093 2941 4803 4281 7863 3186 6130 6671 7411 6482 5742 2044 5574 1272 2959 5215 242 6832 908 5682 1245 2227 5394 2607 730 782 6733 5747 2395 4322 584 6002 5507 2335 4451 2122 6170 2938 4827 4597 5138 7694 3310 5238 7960 7385 2181 2305 6879 7487 2678 6043 4434 2171 593 4881 1939 2875 2832 4425 3508 7822 5131 6131 4244 1381 5087 6147 97 4557 5450 5998 2189 2954 5991 4549 918 2075 3187 261 350 2546 2048 5098 5895 745 7563 3390 3528 7079 6441 1692 1188 7084 6546 6810 1099 340 114 3488 3567 1672 2028 6680 2322 5680 4706 3250 4843 4269 5971 278 6321 2695 5688 7731 3868 4298 4076 3399 4267 631 177 1159 809 6512 7433 5496 180 1234 728 6637 872 6484 4193 7625 5390 5914 1819 2604 3428 2033 7818 2362 5043 2088 2883 2796 4682 6219 1011 4629 5926 3476 6088 6209
Route 6: 7093 1649 1842 4472 7068 5464 572 7852 3961 5243 612 2664 3964 5970 5252 1969 3482 2614 738 6068 672 3920 5708 570 655 2006 7215 5118 5030 4833 2165 1425 5199 4396 7885 2738 3494 3238 5042 2339 5823 1619 5213 6450 1980 2321 7607 903 4375 6812 2820 6633 2098 7891 544 2215 6060 7322 1594 5978 5798 2989 6957 6366 7791 1451 7631 5983 4373 804 225 123 2161 794 2178 7288 5481 47 4538 5623 3413 4296 5559 2885 3391 919 5979 2556 3474 2067 5690 1336 1261 616 7860 3667 5382 2961 1997 7076 4473 5200 1994 7055 4115 4047 4225 4009 4481 5951 6897 3048 3448 2956 6915 880 3037 6934 7395 4669 7769 6234 517 5049 5778 576 5248 2078 915 6593 5401 1748 5741 1390 1708 5182 5783 2555 7999 4707 7697 4492 3065 2948 3829 6883 2158 4148 845 7671 6541 7812 7570 4120 6180 5297 1062 981 5552 6757 421 7995 7815 7579 7091 7478 6499 7266 2327 4366 3689 1640 7645 1281 7615 6257 695 7646 4100 5920 4488 3357 6176 2052 6084 193 4499 2733 1240 2631 2314 5110 3345 7271 3875 5563 156 4181 1286 5211 4746 4906 4417 3686 3214 2026 6968 7269 1463 778 4716 1329 4514 7186 3051 3093 2179 5870 2222 145 1987 4350 1307 776 3317 4302 5821 6841 6146 2736 1503 411 1753 3007 1199 1946 1531 7525 789 1799 3505 4848 2110 494 2278 4873 4203 3283 6982 4335 6878 1680 5157 4947 6077 2930 7299 2764 3706 568 1972 5231 2513 7470 6538 3895 7681 7414 7192 4891 1371 5080 498 7489 6012 1462 2928 1180 7517 4251 276 2318 6720 6262 1034 1420 4852 818 6428 6412 7869 7123 6884 2116 3524 3863 7198 215 1533 2062 5288 264 5235 2337 5887 3962 4927 3989 901 3136 7427 2858 6465 2383 31 1345 1294 756 6290 6239 3619 4768 2601 2239 4426 4276 7284 1187 5740 2545 2104 6626 1895 108 1584 7158 7246 4266 1122 5162 5242 2939 4262 1133 4163 3216 4694 4521 3195 5185 3948 3497 1013 1061 6167 4525 4640 2847 6607 2320 2334 4728 7606 3747 857 5082 6624 2572 2354 4466 2878 2502 3899 5416 1827 1478 5105 1254 6661 3384 6698 7389 2667 3955 2826 3403 6523 6764 3645 2692 6442 6553 817 2360 2082 6608 1609 3066 2898 851 6534 6762 4445 1941 3097 3492 871 3595 1296 2833 7041 2234 4242 5192 198 7386 7494 1314 6407 1793 4860 5491 779 7492 7846 4732 2398 7743 6736 5698 4494 3375 2380 197 4211 596 7738 4029 3389 7778 6280 1739 4606 6916 741 6389 1606 4974 2981 7920 6237 6634 7238 5084 4523 6172 7992 4800 3543 1195 3010 7048 2627 6729 5923 48 2348 7304 3790 5033 1754 4177 6492 503 7050 1457 256 1213 5461 1911 6402 5070 962 1368 5579 4543 644 2700 3886 396 4982 1275 2359 3298 5071 7747 3316 267 3912 5284 3909 2049 4883 4330 5707 320 2585 4485 7751 856 6098 2697 6704 5806 3378 7243 5962 3358 1888 6923 6962 158 1700 4303 6163 5206 7088 4826 708 3337 3849 3055 187 7236 3690 7523 3365 7925 4684 4736 2587 906 4084 3405 2175 660 810 1009 7918 2143 6404 6613 5626 6409 4754 5062 1779 3597 2291 364 2891 886 1401 5959 7346 491 2958 2452 1944 6806 3978 5553 3133 2450 6867 681 3737 4908 7350 7532 6740 3018 5091 1811 4510 4246 4480 4030 6052 4021 5774 5175 258 3656 6853 5661 283 7188 7965 7384 1383 4623 747 3452 5351 5757 2201 5711 7452 5301 4359 1121 519 5310 1041 5283 1622 7232 953 7495 3583 719 7610 1266 7267 4638 1787 5713 6918 2913 7790 863 2584 1283 7695 7300 1690 1516 2828 6149 2312 1486 1241 4062 5462 7773 4780 2272 2745 2293 403 3577 352 2045 5108 6676 5630 6105 341 4729 1775 454 1758 7872 2508 7641 5311 254 27 7549 816 4775 5918 4214 5143 4357 2594 2730 367 6340 7617 5167 1185 2194 7724 1325 7679 6840 5845 5312 5470 3301 1798 4173 3237 3145 5514 1683 2819 112 2710 7686 4399 6352 5592 1953 2186 1059 2072 4931 7393 6815 105 5894 6983 4845 5830 4401 6346 3432 7558 4897 2483 7172 4463 6021 6247 4024 5855 1174 7997 3946 1249 45 573 2662 3362 6033 7878 6857 150 2953 725 5488 5056 2753 3824 3755 2642 5217 6888 692 7603 3756 1641 1833 5078 4690 1583 6048 6662 6866 792 3615 6936 7518 5868 4484 4971 335 502 1411 3052 1976 4036 6632 4082 6056 2830 7173 3890 3855 2211 3809 1597 7323 2717 3285 3446 3496 1648 1579 1738 3861 6437 700 7457 4248 7372 6862 1303 734 5738 7627 190 164 37 7916 2818 7842 5840 4138 7862 836 3878 589 1130 646 2151 2361 1103 407 4686 6931 4711 6557 1204 882 7600 5463 6326 1838 1960 5109 7770 3560 2417 7957 121 5406 7963 4605 2000 5814 7788 3980 111 3554 2761 5539 7536 4470 6277 2141 7718 5709 7785 2415 3783 7972 4198 591 7107 246 4815 4679 495 263 3302 6029 7303 7113 7512 7408 1661 7383 5221 7310 1126 731 6034 7099 4415 5345 2317 7218 7362 4911 5851 4955 2169 5768 7366 3906 1320 4952 6933 781 3220 1560 7833 3070 2054 3429 4712 7430 2735 4382 2547 4194 3596 5621 5018 1161 1565 7369 7066 5681 3275 6635 5769 633 7034 936 3229 4824 3651 2221 7193 4122 7399 2074 1022 6383 7696 7239 4960 4128 3604 7258 5142 2874 6786 77 2313 7011 7212 2387 1262 165 1750 2852 3003 7746 7156 3965 5739 2366 3205 3063 5473 1228 6477 1263 949 1142 4812 3691 826 2562 238 2534 3526 1226 4066 2498 3625 620 3395 4807 6307 7484 6618 812 526 6659 7742 6566 7060 1001 7111 3085 1179 3455 7263 1145 3987 4805 116 406 3850 5934 329 7504 659 7437 2089 931 3233 448 1792 1465 1936 4708 486 7098 6549 5997 6406 733 6490 4786 248 3935 6058 7949 6880 5280 7394 3088 952 740 5820 7438 1959 4453 1797 6675 7358 2418 3161 2445 3957 786 3846 1060 2329 6898 4799 1003 5068 3911 4570 4748 3261 7868 2250 7732 4202 5079 661 1084 7752 6439 2058 578 6522 7926 2923 1110 4002 6005 6909 4019 1897 4085 4319 5617 7436 1316 6265 2590 6529 2552 2369 6418 2059 2431 713 6039 3376 5880 1885 2969 797 3571 2167 5730 4273 2750 1578 6908 6581 3377 3944 4221 7938 3937 7552 587 2907 2106 7628 2623 3457 6979 6432 2304 7704 4271 296 6959 6766 3091 55 6560 6728 425 1669 4554 2494 3904 7344 5985 4157 7418 1513 7983 1020 3138 7506 4869 2157 5358 5207 7975 511 3109 1757 5779 1624 1370 6063 7096 6650 4882 65 1730 3339 579 119 7063 2740 3752 1354 1586 7651 6115 2353 4968 7621 5811 173 2742 4643 6599 1773 4879 6067 7441 2902 5101 2783 7781 5915 575 6269 5219 1114 4268 5717 3843 4278 7486 3081 2459 5673 598 5370 5145
Route 7: 1681 5922 7136 269 6666 4020 4819 6059 4933 3845 4951 2253 2900 255 3137 1689 3158 6214 5444 1435 6805 75 2998 581 6550 7692 4039 4334 4607 6129 6615 7268 5943 6317 4250 1536 7775 1490 7973 358 286 4491 5191 3005 185 4740 6717 3319 5197 4792 7887 3201 5793 3859 7162 4850 79 513 656 69 1233 5069 3839 4438 1488 3735 796 2520 7081 854 2333 1253 2861 3341 626 3527 4364 1302 1127 3487 7802 3307 5512 6641 2073 3831 6288 2001 6281 2564 297 6785 5802 3825 1820 7834 1762 3889 7135 3379 6312 6157 1549 7202 1089 7640 4452 2751 4263 3580 1591 3293 26 6721 5777 7722 6809 5770 5106 2810 6276 3352 7059 2147 7043 5567 6848 3940 4872 1242 3834 3132 4088 509 6140 3576 1173 1256 3550 1840 117 2659 2606 365 6692 2176 3522 4104 1592 1193 5804 2064 6596 6443 7029 2638 176 128 532 6594 7763 295 1623 970 6706 1404 7298 6997 6966 1153 4010 7753 7660 7069 1899 1028 7710 6851 1406 7488 3542 19 1996 6330 2196 940 4105 1343 5523 3547 1713 7715 1442 5328 4507 6723 7435 378 5582 3217 7070 1151 4773 6501 2538 4604 2479 3518 6220 6798 2792 3076 2030 5260 3669 5198 6685 4025 2269 6519 3204 170 549 6585 1746 3392 780 4331 3006 6137 2376 4830 5931 739 3888 7970 6808 1472 876 3963 3640 1614 6792 888 6038 3959 7648 4033 4757 2619 4868 2821 3279 7213 5307 3311 5276 3296 7899 3916 6117 3242 6640 4995 2650 3750 7153 1502 3833 877 3999 6337 4408 6820 7711 3925 3584 2844 7466 7292 1548 7426 5551 5081 7308 467 6965 3485 5527 5613 7410 5521 7499 1656 6910 1881 6533 5849 100 2816 5258 3836 7341 3164 2461 4140 5976 6783 2652 3401 7078 2675 3660 4518 3818 2640 6642 1630 1633 6876 6486 4137 4207 2394 5418 2279 1147 7004 7208 5044 4920 5964 66 7637 4189 3080 5666 4782 3288 1483 6376 6826 4455 2531 2404 6215 1139 1647 2802 1065 2047 7377 2231 7989 5383 1169 2413 4436 742 5482 2862 3287 5026 847 7421 5332 5933 6007 1341 2190 2840 5913 6228 4346 7058 550 1287 533 3024 464 5115 6246 7131 6313 6303 3718 3309 201 6419 2055 6963 1273 4957 5124 5236 1211 366 3893 1037 7908 1991 151 1561 311 6752 1963 4300 7447 5019 1214 2296 5889 7650 3194 7252 3486 4586 4654 2480 1643 4074 538 4336 162 6713 7948 1494 101 1489 1703 5325 3621 2988 6949 6421 6612 6223 6828 3280 3830 1765 1076 5067 5061 453 2805 4552 5912 3552 5233 161 6006 4649 4950 853 3143 6778 2085 7245 2788 7451 7275 7709 1082 7306 5942 2432 4764 1158 6401 5691 7305 7293 7251 1664 964 3734 7490 1984 1512 7662 5573 2683 2087 6824 5533 228 2342 3932 3361 4616 2400 3355 7876 482 6320 930 2906 6109 2177 2209 5263 7295 5457 767 2379 4176 5602 6621 820 668 6590 828 7415 5095 194 4394 359 4500 830 3647 493 7953 989 3813 582 3869 10 5477 1837 7502 4479 2155 4970 6370 3608 1183 4119 7073 4199 512 2831 7601 1167 3427 5371 3617 4092 4397 3812 6750 230 7090 6864 3256 5165 2621 6868 2889 5939 6524 6578 207 3907 2130 2869 1186 743 2982 6689 6510 4130 1534 5826 1291 5653 5548 7990 1935 5766 2414 3419 4353 3125 5839 4671 7866 34 2992 8 2559 619 7071 7605 1869 95 6863 4064 71 1132 2180 2299 5407 5647 6990 356 7439 2696 6297 172 4289 1311 3602 3464 3613 808 1886 7599 1024 6242 6849 715 7608 837 4079 6388 6292 1731 1328 7200 7851 1361 914 617 4878 6266 2129 1506 5102 3050 5906 1545 6179 2489 1464 3184 640 4943 5460 6162 7053 7937 5644 6152 5982 2671 2472 2233 1181 5468 2277 2798 5818 2214 5612 7974 5725 1699 1 6138 2023 7749 2880 3816 2915 2507 5803 4924 3991 3726 1137 2709 51 2571 6488 2851 726 1828 7476 93 4788 7461 4048 6440 2560 6996 132 99 1469 4440 1884 7994 2681 3891 4471 7169 5751 444 4790 1111 2853 4914 7542 3129 6238 6976 3945 5 6954 2829 1670 7178 3986 891 1374 7553 4620 7725 3398 1663 1802 5675 975 6364 5874 2139 5765 7663 5704 1992 500 2519 1015 2856 1414 451 4318 7132 4305 2536 788 7854 4413 4913 2806 4340 2574 404 4167 4994 4205 7551 6999 1476 5223 6688 113 7222 588 5395 814 5480 4433 6468 4144 6603 2254 4905 7101 6200 5651 1608 7820 6385 4390 6032 7902 7805 4328 5446 4277 3267 7947 798 1816 239 5588 6932 70 2780 5386 6502 680 7425 3435 7588 4107 5064 4675 314 3913 5452 4642 3291 6532 6016 1921 5780 1032 1023 5791 6475 5509 1839 7152 3108 5703 7321 7516 3717 7619 7898 2674 6150 5616 6198 7985 7959 3013 6719 6677 5216 5911 5166 4901 2567 1901 4464 2451 878 1823 7655 4261 3074 440 2551 7647 7571 2457 1056 5419 7074 4938 3176 7348 899 5161 2126 5237 6241 5949 4188 357 7056 1496 5073 7064 5719 3284 6518 6769 3673 7479 6263 1863 1491 1601 926 1141 5273 6480 521 4513 6914 3841 5961 6536 7810 5893 4944 2698 2857 1497 3679 5187 98 6427 2566 420 7759 1150 6493 5411 4432 4234 3213 6580 7855 6250 1078 57 3127 2548 6461 1118 7612 4288 3104 5672 3954 2680 3993 7849 977 2057 2990 2660 5776 2340 1504 179 5608 3153 2422 7195 5121 2506 3447 3121 774 2120 3712 3107 3062 4589 2972 1764 64 14 3553 4743 4647 995 7557 4321 2174 1694 6413 7562 2968 4615 7699 5878 5272 4588 3684 7025 4715 5226 6846 7409 1197 1501 7110 3582 7572 3169 7210 1599 7330 4046 6831 4973 4785 4476 6986 4641 4594 4324 4866 3001 3212 2428 7250 1182 2634 3483 5160 4546 7831 175 6622 3838 5706 5232 4949 6795 289 7117 1146 3565 7450 455 3030 4094 7014 1993 6333 682 6017 2658 1873 4235 6889 2242 4797 1210 3974 925 7040 561 492 7879 3012 6483 6192 5516 7521 6988 5542 7914 7693 4813 2270 1359 2957 7541 4959 1304 1258 3606 2763 1073 7895 5607 1635 2947 887 2407 2069 6611 5140 3539 1209 978 3992 485 3102 3110 5829 5134 6424 5209 7179 3183 4344 5667 6565 3346 5735 7533 583 5490 7927 6993 7977 6744 4168 3979 7150 2784 5732 43 5503 7226 3325 2113 842 4609 6756 3313 3624 4568 6794 855 7807 3254 5789 904 7978 5438 3114 7167 4569 5736 3188 5685 2323 2782 5994 3171 5723 5543 2144 2768 7391 7199 1201 7587 4516 2131 62 1544 3232 137 6003 4212 3521 6673 1031 4856 5287 5729 1086 6028 6774 2152 5642 1511 1538 3466 325 7191 334 6298 4864 7260 4110 643 2237 7423 5387 2540 1728 7714 6384 1350 5577 4794 2281 6446 1851 4967 2373 5536 4907 7276 5756 6837 1252 1058 6572 4374 321 5799 6971 3586 7691 6575 6082
Route 8: 1928 5126 5393 843 1668 7148 290 610 5981 4876 966 3804 7349 4562 2702 5659 5222 259 3882 6291 212 4068 6485 6273 7909 4287 6009 6122 7858 551 2010 6235 2017 2146 3123 1113 4184 1769 3758 4759 7575 2964 7397 2416 3794 2491 2946 3087 2440 1444 6561 2448 654 1033 2039 2854 6015 4700 3228 1593 5186 5622 3919 1449 5225 1212 6955 7956 6399 6821 5825 2150 6530 5334 3922 4633 3822 1803 5116 3199 605 7235 7047 1284 1871 3181 1907 5586 5144 6415 5006 2096 4657 7184 5176 6653 109 5040 4208 4862 3493 6592 769 5367 6755 996 385 4343 7636 666 5916 4395 1333 2091 1752 3784 1397 6106 7678 4477 2873 6116 7082 3983 4755 1363 999 1080 1319 775 7567 6894 4922 4517 1279 7632 7264 2273 986 7910 6870 2004 608 1777 6712 6564 2401 4917 5752 7626 7702 2797 7906 6708 308 4486 6410 2230 2081 5085 274 1057 7618 7247 4784 5003 6145 3700 5014 6656 2916 6287 6890 5294 6448 6362 1446 3210 4495 688 6338 1582 5261 7888 4582 1349 1474 5702 1508 7038 4999 4644 2772 2616 5285 6022 2866 5569 2437 29 3336 1813 7874 6834 1467 4575 1628 7519 7735 1280 7145 4677 5879 1364 2191 4169 5381 5154 799 5508 7771 5987 4622 6168 6008 431 82 6071 3318 6873 4150 2848 1036 687 3073 638 6403 5863 5205 135 6026 6051 1030 488 4567 3883 2966 2835 6354 333 2713 7144 6741 1049 2657 2925 3124 484 6296 4723 7030 2421 167 703 5705 5557 669 1129 3697 3541 2529 1458 2311 6781 1809 7037 4885 923 7824 217 3011 7806 5510 3707 2325 3053 3530 2258 1749 5313 3118 5063 7839 5103 7987 3 3312 1094 6 4427 90 4475 4806 1097 7905 6457 3042 4524 5822 7569 2588 4129 5204 2117 4391 1418 2624 5424 1662 103 3835 53 5184 355 386 3900 7690 5037 1518 3994 4027 735 1398 2593 5506 5664 3975 4986 766 5695 2206 1123 937 2469 5022 6308 5465 4954 392 4458 5760 5866 2378 1917 6120 2286 831 7228 7912 7138 4903 6301 1796 1937 2252 4964 7429 142 7291 3786 4672 3215 6827 7142 1231 1481 7719 7889 6981 6678 3620 3995 1835 1268 4124 4857 2937 762 5247 1569 7334 6479 5940 6801 1841 1771 1128 4839 5253 6748 2287 6481 6734 2193 3710 7497 2011 4837 4501 3695 7677 6165 4155 3504 6684 5871 284 6380 3031 2358 1208 41 4023 6190 4095 4253 7154 7115 6325 6938 1247 4572 3056 6904 1337 1834 5545 7576 7445 5397 7277 898 7481 6552 1844 1722 3519 1479 2971 7241 2980 2388 6525 2275 2187 4003 3807 2192 1524 5012 6070 2240 234 4493 7630 1532 7316 5715 2439 6252 7094 221 7871 6859 5359 2758 3338 6341 6470 2756 7422 7204 2029 2140 363 1143 474 6463 282 183 7817 5603 7472 2670 1553 7257 2706 1205 3952 7207 3105 4111 6434 870 2864 5530 1893 3605 4081 1870 3590 5391 5897 5790 3871 6667 3315 3038 4219 3811 3471 4489 4049 5643 5335 3701 3792 3773 4992 1178 5137 867 3802 1785 499 900 4192 510 5737 2202 6655 4585 5544 2973 7798 1366 1400 3852 2569 3623 3681 399 7780 3259 402 6537 4774 3394 4545 7510 3154 4628 1971 5413 5270 5484 618 1108 784 1096 6646 5560 1810 827 3009 4186 5466 3997 790 2503 1559 2895 2399 4953 5152 6329 4887 1682 7171 2061 6086 6975 2492 1529 2182 671 3084 874 6379 2100 2558 4053 6654 3636 7181 2703 1229 3881 4925 6436 7924 1421 6353 5832 3716 7659 129 5275 1004 504 4411 4718 2999 1909 5781 291 2781 4236 2843 651 2563 3847 2525 1891 6108 7329 7950 3743 3020 650 1063 523 1768 1088 3682 1786 6767 1925 4404 2136 2769 7124 4379 3149 2128 961 2205 5422 5054 7045 639 712 3111 6191 2705 2005 6229 1221 4161 279 7565 7816 997 1175 2040 759 5686 6570 332 7364 7363 911 3162 2289 2514 6980 6240 7633 1367 4038 1685 7981 5800 7675 7835 7881 6854 5561 6735 5655 4231 6691 2412 3380 2910 3646 5910 6695 2561 1012 1632 3637 6065 3775 6124 5404 4286 2223 6616 351 3440 675 5279 4061 4280 5269 629 1855 5909 3725 4624 2198 3736 507 6576 6780 2839 1301 1824 3269 7799 3498 2801 2527 3546 5907 1801 85 3672 4078 4210 2038 5629 990 4650 5483 5853 6946 2597 3785 7680 2056 1136 7205 1687 7474 5114 2284 1998 1305 6587 1949 3544 5786 6571 1190 4187 4448 5928 3930 721 3320 4727 710 6365 4430 2714 2229 6500 5475 3323 3715 956 3040 3564 2288 2473 2894 7104 6539 1924 574 1625 2051 4547 460 3303 6732 623 3499 1905 1745 4697 558 2382 3977 1265 6739 7764 4710 3332 663 3470 5515 6850 3515 2896 912 3753 5550 7049 2877 4258 4910 1781 3367 2460 1812 7351 1340 7836 4308 2349 2438 6243 7297 5316 49 298 5306 2656 1877 6506 665 2539 6193 6696 1718 4355 7227 4045 347 1452 6902 5788 7988 6811 844 7001 2468 4041 5245 6969 3892 6104 559 3144 5493 6300 1603 6749 1541 6225 7102 628 4742 7380 3796 4338 300 7668 7838 2515 5092 7509 5420 7514 6770 3532 423 6216 3335 3658 5290 7137 1919 1339 4846 2370 3049 2338 4505 2716 5797 1026 5968 5013 250 1961 6700 6630 2510 2920 6771 118 5597 5637 7614 5076 4282 7214 4810 1576 4990 6474 2944 749 6400 7904 7961 4232 6254 5449 6069 7713 3507 7826 354 5817 6249 5921 5746 1048 7119 6803 1889 6789 7339 6195 7723 6066 7224 7581 5239 2991 720 7440 7183 569 288 7039 6206 6019 2595 3344 3535 2285 2497 1719 224 2609 3396 1988 6037 2071 7471 7566 7367 2 2256 4055 4749 4902 7092 6391 7750 2757 7821 110 7745 4975 7018 216 7095 4462 303 7206 2521 1966 5600 490 3915 5434 6765 125 3880 1973 5156 7086 5568 4381 3425 4847 3082 2903 985 60 5190 556 615 1933 2142 2812 5369 1346 1761 983 7687 1747 768 1715 7017 801 5453 6031 2859 7917 6334 5432 3252 5210 7326 1983 1766 1155 881 2684 1250 7021 3202 2598 3655 3178 7182 6358 1369 3057 3156 662 7727 2453 3631 4229 4576 3593 7649 6213 6244 4894 1676 92 4687 2755 3286 7585 3324 3865 253 6357 5342 2814 647 1000 4703 2855 1588 4070 5590 1039 5867 939 1112 5947 6727 5471 6784 3314 6651 5671 4617 5946 2138 968 603 3910 5750 1756 7803 6318 16 1068 5537 1655 2102 6125 5869 5291 5932 6476 3800 5059 4720 2357 127 1707 1072 2649 4247 3949 3246 1405 704 6768 7923 4118 5214 4631 7548 5731 3297 2711 5023 337 7125 540 7733 3876 5343 7080 6984 6194 44 5580 1471 2470 795 4059 711 7544 3266 195 7044 5188 6027 24 6390 4377 3851 1365 3828 7473 1782 1639 3918 4763 6682 2760 6788 6226 7417 7035 5571 1995 3558 1621 1321 4419 7464 1090 1423
Cost: 55887.430
best cost: 55887.430
