[progress][seq] epoca=1 | epoche_rimanenti_prima_stop=500 | tempo_trascorso=6.1s | tempo_rimanente=293.9s | best_cost=68233.624
[progress][seq] epoca=2 | epoche_rimanenti_prima_stop=500 | tempo_trascorso=12.1s | tempo_rimanente=287.9s | best_cost=67557.762
[progress][seq] epoca=3 | epoche_rimanenti_prima_stop=500 | tempo_trascorso=18.1s | tempo_rimanente=281.9s | best_cost=66226.860
[progress][seq] epoca=4 | epoche_rimanenti_prima_stop=500 | tempo_trascorso=24.1s | tempo_rimanente=275.9s | best_cost=66183.298
[progress][seq] epoca=5 | epoche_rimanenti_prima_stop=500 | tempo_trascorso=30.1s | tempo_rimanente=269.9s | best_cost=62446.183
[progress][seq] epoca=6 | epoche_rimanenti_prima_stop=500 | tempo_trascorso=36.2s | tempo_rimanente=263.8s | best_cost=59227.548
[progress][seq] epoca=7 | epoche_rimanenti_prima_stop=500 | tempo_trascorso=42.3s | tempo_rimanente=257.7s | best_cost=58556.227
[progress][seq] epoca=8 | epoche_rimanenti_prima_stop=500 | tempo_trascorso=48.4s | tempo_rimanente=251.6s | best_cost=57366.170
[progress][seq] epoca=9 | epoche_rimanenti_prima_stop=500 | tempo_trascorso=54.5s | tempo_rimanente=245.5s | best_cost=56908.678
[progress][seq] epoca=10 | epoche_rimanenti_prima_stop=499 | tempo_trascorso=60.6s | tempo_rimanente=239.4s | best_cost=56908.678
[progress][seq] epoca=11 | epoche_rimanenti_prima_stop=500 | tempo_trascorso=66.7s | tempo_rimanente=233.3s | best_cost=56049.803
[progress][seq] epoca=14 | epoche_rimanenti_prima_stop=500 | tempo_trascorso=85.0s | tempo_rimanente=215.0s | best_cost=55927.593
[progress][seq] epoca=20 | epoche_rimanenti_prima_stop=494 | tempo_trascorso=121.7s | tempo_rimanente=178.3s | best_cost=55927.593
[progress][seq] epoca=30 | epoche_rimanenti_prima_stop=484 | tempo_trascorso=182.7s | tempo_rimanente=117.3s | best_cost=55927.593
[progress][seq] epoca=33 | epoche_rimanenti_prima_stop=500 | tempo_trascorso=201.0s | tempo_rimanente=99.0s | best_cost=55916.837
[progress][seq] epoca=35 | epoche_rimanenti_prima_stop=500 | tempo_trascorso=213.3s | tempo_rimanente=86.7s | best_cost=55823.870
[progress][seq] epoca=40 | epoche_rimanenti_prima_stop=495 | tempo_trascorso=243.8s | tempo_rimanente=56.2s | best_cost=55823.870
[progress][seq] epoca=50 | epoche_rimanenti_prima_stop=485 | tempo_trascorso=304.9s | tempo_rimanente=0.0s | best_cost=55823.870
Route 1:
Route 2: 5833 4525 6167 1335 7801 5212 7637 3143 6778 7316 245 5184 1453 2310 6070 5012 4736 6403 638 2790 2434 1202 4891 6509 1371 6442 2692 3645 6764 6553 1339 3836 7341 4795 6943 555 2405 5885 3641 2952 1116 61 2647 5421 5583 4590 505 5361 938 2877 6659 2668 2570 6555 4326 4568 3843 3242 2996 849 3587 3269 2827 1297 4949 2860 5232 716 3383 5952 401 907 4591 1070 3483 4283 2587 906 4684 7925 610 6103 5113 1425 5374 5034 4851 6160 6790 6697 6598 7422 2756 2795 4642 5452 4372 379 1570 5135 240 1778 4135 6450 1980 3058 7631 1451 6487 653 4529 188 6722 2805 453 6876 2595 4822 2583 2773 1920 5469 940 4105 5294 6890 2254 990 4650 5761 397 5965 2061 6086 7674 4886 1322 621 6665 6961 950 1990 2862 4287 7909 7923 6152 3097 2924 7811 5700 1423 3803 4559 4926 5411 1587 3980 4892 2320 7755 2847 6607 5753 6652 4859 5681 1477 1509 2172 1943 3769 7900 3243 5856 7675 3946 475 1723 4881 1939 1491 1863 2573 5004 2542 1601 926 501 6405 5701 2224 272 4794 2281 1851 6446 649 4422 5170 6359 1665 7133 2348 48 7304 3907 4409 3027 2909 1140 3967 7312 7808 4561 840 2183 102 4444 6390 6200 5651 7101 5796 478 1801 1385 1523 1077 5499 7582 3262 4543 2700 644 1289 2142 1933 5854 6614 2762 1489 101 5908 2121 2844 7466 3584 2246 4392 338 2689 5800 7981 1685 7990 5548 6307 7821 7936 469 6644 4930 7656 2548 1499 6164 7856 2288 890 2483 4897 3263 3364 114 3488 3007 1199 7525 789 7117 2707 7407 7197 5053 5373 3167 7185 2153 4721 7964 5285 2616 2126 5237 3723 1166 634 1373 5513 5161 4061 2866 4720 5059 4895 1883 115 4766 1223 7935 5680 4706 1456 5628 7173 4843 3250 3725 424 5532 6268 3272 381 1411 881 1155 6321 4616 3361 2295 873 5281 6818 1799 3505 4848 4538 5481 5623 47 3168 3372 7179 1469 4842 1468 7503 7819 6420 4337 2490 2008 4440 7994 4424 5289 6852 2545 5148 5234 4220 6093 2941 5749 6158 7726 3335 3658 1559 5307 7213 1307 145 4350 1987 1861 718 6594 532 152 3490 1008 1203 3791 6670 600 2855 2428 7250 6018 4936 3011 6785 3825 5802 2963 5443 6184 6114 7278 3759 1347 297 6611 5140 7262 4963 6650 4882 7096 7318 3260 4667 2076 1691 2841 7616 2118 1066 5618 107 3525 2083 3166 7444 6791 1309 4359 3548 4704 6433 4467 1072 1518 1839 5359 6859 3815 1085 5831 7387 3536 4962 2477 3777 6905 1431 3415 6331 1419 5957 4237 5414 2750 7317 3970 1560 3220 2612 4960 3714 3984 2759 3813 989 1011 7349 5940 1543 3588 426 1717 4230 5051 4309 3502 1274 299 4500 359 6789 1653 3566 2684 7242 2014 1333 4477 7727 3737 4908 5145 3087 2440 3392 6685 5198 6120 1478 1827 7230 7370 811 5958 2367 6096 5773 1916 7502 1074 4737 5758 3388 6370 4970 2155 7190 6920 3033 3283 4203 3004 3202 4532 290 1391 4802 991 7 7661 3589 3428 2033 7818 3773 4992 1401 886 414 7381 4596 1716 2868 3170 4877 1476 6688 5223 4994 4205 5409 1633 2576 6763 7079 6441 6231 2983 694 6512 7433 809 1624 5779 1370 6063 360 4058 7481 7277 898 1389 1348 4204 677 7939 2097 5588 1287 7472 2670 3889 7135 1762 820 6621 7834 5658 4673 6601 2837 3089 5631 148 6001 5147 398 1330 223 2457 1056 7655 1823 1240 2631 2314 899 7348 6567 3400 6054 3516 5393 7549 6881 5164 3545 1636 5077 3653 2114 614 2198 4217 1627 7456 2284 4152 6691 2380 197 4958 5365 3223 3804 966 6447 1555 5997 6406 5256 5688 7731 6306 6527 5570 4918 2159 6782 3520 4028 6079 746 6091 951 2512 1051 3355 2745 3038 135 616 3523 2263 4321 2727 2035 1443 5844 7963 1631 1225 3708 1720 5230 4901 5166 5216 5911 4487 1445 6302 794 2178 220 897 7905 6071 6810 6546 1099 411 1753 1503 5862 5782 6865 1502 7153 5276 3311 3296 2003 2987 4106 6839 6842 370 2526 3077 6600 7777 2626 7594 2501 4403 1658 3495 2984 3939 2261 2402 7007 1548 2575 5222 4606 1739 6280 4194 3596 5621 6835 6425 3141 4100 7646 695 2602 7104 2894 4767 2269 4853 6519 961 4854 6040 2753 4308 4070 7437 6566 7060 5197 3319 3276 4526 2423 1176 4378 854 7081 1063 5241 6379 4615 2563 3847 2968 7741 7131 7226 3325 5503 6155 4274 6989 7127 976 4563 1566 4496 508 3780 5901 5863 7351 4889 2163 3244 6891 1522 916 5716 191 4065 4294 1824
Route 3: 3105 2566 1219 5398 7342 955 669 202 7146 3106 298 5875 2424 5775 7036 3896 5143 3086 5918 4214 6276 6576 7194 2410 4830 7144 5905 7452 6977 7929 349 1006 3499 3817 6013 1926 2557 4097 4893 4868 717 3254 7807 1621 7295 5263 860 6939 4215 3196 2448 956 5557 2484 6588 6438 2958 6806 2452 491 1944 5626 1512 6119 275 1898 5807 4196 2977 7884 1171 1091 2893 3127 3532 7118 2108 2744 2714 5416 1403 6543 4991 7924 6436 4925 6564 2988 3621 545 2494 4554 5461 1911 5985 7344 3904 7717 5299 3485 4019 2910 969 4433 2438 1254 3384 6661 3217 5582 5760 5866 3697 659 6990 4631 2221 3802 7373 1125 342 4077 499 1785 7366 563 6863 5054 5422 1865 2065 900 5768 3002 1913 1825 3379 6663 1639 2104 242 6832 5215 1267 5412 1135 5190 2390 7667 372 7804 4628 3862 1400 5131 6131 4985 5992 5082 857 7707 7875 6792 888 2168 341 4729 1775 422 2218 4421 6087 5385 277 4288 6197 1387 1914 5891 331 751 7332 7302 1554 3395 4807 2077 1392 5400 7556 7971 5872 7376 2429 2764 5157 4947 6077 1563 470 2360 817 4343 385 3215 6827 5327 4171 241 3356 7639 6083 4909 3734 964 7634 1869 1288 2935 6107 5935 4049 3563 3281 685 6489 1784 1471 368 1852 2932 1426 4610 6945 4234 4432 337 7761 6912 13 6381 189 5841 6879 7487 2305 141 6049 2603 2195 1857 6384 4829 800 2914 625 2115 3928 302 1782 1629 3208 7714 1448 3953 3144 6205 7524 3139 6645 3513 1044 2527 3905 1440 7859 5177 5622 3919 4714 1876 6317 4250 3911 5068 3519 3631 5445 58 5058 6922 6090 7685 7739 5763 3857 6875 7998 6204 2579 487 5013 1800 1832 2986 755 1735 4627 1486 6493 7989 1169 5383 2413 5930 4290 7229 3147 3218 1675 5890 1666 7511 2201 5711 231 471 2408 988 7401 4291 5659 4382 2547 4981 1462 5388 2518 3429 2054 7110 1565 7231 580 2635 5669 2015 5138 7694 171 3221 1690 3564 409 3079 1078 6540 5632 3550 1840 7243 3358 5962 3378 5806 6704 7590 5607 2239 1046 6363 7894 6169 6371 1542 5599 7622 4752 4201 1572 2409 5611 1239 5439 4620 7725 3494 2485 5707 6191 3111 2005 6311 4758 7930 1714 7075 6316 4366 214 525 2712 3558 1138 2403 5584 1144 6686 7420 7901 7619 3116 1402 2446 3376 1432 1582 963 2890 5293 3430 4336 1494 7683 3852 1141 4923 6020 6956 6481 6734 2193 1516 7879 492 4639 6012 7489 6626 1895 2858 7958 5444 6214 2379 7037 1809 4665 7443 84 2271 2824 2618 319 2111 5517 3225 7211 1551 4443 3560 7770 612 2664 5243 3961 6958 5047 5970 1969 3482 5252 5305 7285 196 1237 26 2257 1346 1919 4846 3104 7286 4285 5149 2845 1142 949 1725 875 4769 5173 3593 7485 3951 4573 2881 2328 1888 2145 7203 2289 5980 7613 4263 2751 2734 2666 2488 6899 4464 1901 5762 6296 2945 3149 2128 662 5181 5960 7719 1358 4457 6024 6584 7521 2469 355 386 679 4939 4159 5605 2264 2702 1238 6398 2050 230 4328 542 6411 7931 2869 5328 7446 1409 2334 7886 3543 1195 3010 6948 3557 3264 4211 5698 6736 7743 5075 601 4307 6011 1083 7922 1558 4322 584 6002 5915 575 6269 1007 4379 4145 4450 7624 2123 1581 3902 3456 909 5336 2112 6703 90 4427 4806 2509 2487 3934 6046 3000 3146 2215 6060 5484 618 2613 5268 7798 2973 423 6216 1020 3138 3916 842 2113 3752 749 2688 336 3614 2985 1196 2923 2850 1968 2471 6964 4835 1877 1643 2387 7212 5376 68 921 3094 6807 7028 3938 3776 2921 2665 5426 2775 2312 2828 6149 728 7261 4046 6831 590 1607 7584 4651 4713 1019 4387 1845 5450 5998 5070 7071 2779 6382 2251 773 95 2189 1368 962 5028 5808 7813 480 5652 209 2391 5846 374 5720 7186 4514 6301 7750 7519 7495 4657 2651 599 2109 3686 4417 3214 2648 6293 4243 732 3656 5650 1693 6336 5048 5899 3491 7449 3849 5309 5188 3954 5672 2826 6025 5897 869 3072 7244 5355 7984 1323 5671 6828 7706 1759 657 6627 5446 4277 6478 6344 7287 861 7353 3537 2027 6374 5717 5739 6591 5684 7688 1165 2349 2432 5942 2072 1059 2186 3839 5069 329 5934 7800 982 1537 7548 5685 904 5789 3602 1731 6292 6242 1001 6825 1233 513 3668 4254 5178 3702 4659 124 6042 1977 6034 7099 4415 793 3282 6417 2119 3781 1437 2633 1593 4700 3228 4984 6623 430 57 6918 81 7331 3024 464 2944 4618 7976 6413 1694 7562 6109 4345 534 5158 4301 2825 6817 7100 405 5575 5301 6640 3279 1493 5322 2650 239 7961 691 6263 7479 3810 3128 3095 1634 1298 845 7671 6560 6883 2158 852 2042 1511 1090 3071 3694 4932 307 2709 3069 520 771 1134 4674 3858 1207 7828 6161 6969 5946 2669 4761 2346 4582 7399 7193 4122 4383 1806 1332 6542 7991 7410 7090 181 7252 3486 82 431 6466 1277 3130 375 1394 5938 3177 2306 1894 6122 5661 7985 6198 306 268 1081 1043 7488 4181 5254 5558 7254 4239 4155 7453 7543 3278 7962 1079 3327 7754 683 1708 5159 4522 6414 4060 1055 7882 3618 4613 4329 6960 2974 7130 1628 438 4626 5692 4537 3239 6648 3440 675 6653 4933 6059 1106 3579 3787 4583 3704 2629 5112 1408 3008 6845 6536 5893 4944 7810 6616 5057 7857 7934 5606 4054 4076 5797 5616 5283 1622 1041 6 3259 914 5480 814 364 6017 6333 682 1993 4808 3511 4222 5287 6720 6262 1034 1180 7517 276 4251 3347 186 1830 6326 5463 2236 168 1679 7076 7055 4115 1994 5703 3108 1497 3679 5187 4640 3601 2549 5007 5002 489 7000 4233 2060 7716 6813 7527 1242 4872 4242 529 4200 2686 4191 4937 3020 3743 5220 2395 6243 650 1507 7737 3662 4587 5634 3117 7687 6888 692 2902 4931 1613 4270 1792 6118 6101 4044 4063 895 5705 2783 7781 7359 3624 549 1088 1768 2202 5731 6399 5471 1117 4399 7686 7742 2004 3643 1244 4018 2784 680 639 7621 2327 4090 6199 6257 2366 227 4332 3406 5972 2162 3222 1615 5927 3591 1678 1808 1162 3988 2720 5171 6731 6903 7320 3921 7282 1338 1473 6747 4531 2169 5851 4955 7496 4731 1515 6551 7180 5396 2386 4747 459 3186 7863 4165 2676 6735 3321 3083 6833 5056 5825 4164 3767 4863 7505 6299 4039 6211 6679 6559 7579 7995 7815 3512 1102 6796 5549 5492 5228 5326 6203 3897 979 7728 1054 5320 6597 7982 7009 380 3678 1517 139 3452 5351 403 2293 7860 352 2045 3577 2354 6624 2572 2878 4466 2502 6725 1557 3981 4662 7903 2219 1971 6705 2732 5815 613 1602 1345 1294 5640 439 3945 4726 2681 7542 4914 6238 3129 332 7363 4110 339 2053 3193 7019 2836 6513 2927 5478 641 2302 1526 6210 5837 7820 2265 6517 348 3768 6281 2001
Route 4: 4472 7068 3293 1591 7767 3866 7374 1732 5277 5041 3165 3308 917 1087 4907 7684 6467 761 2940 4166 6132 2292 4017 1354 2704 2774 208 45 573 366 3893 3090 3454 828 7415 2786 6105 5630 935 3366 5571 2787 6535 589 3878 291 162 7948 6713 1170 1934 4213 2133 3680 5913 2190 2840 1817 7392 7945 1604 2205 535 3718 201 3309 6309 7554 2020 3142 608 1788 5467 292 6882 2970 6313 7038 6668 4722 4154 3583 313 1367 1879 2725 2513 7470 7681 7414 3895 6469 1485 4406 1396 5798 5978 4014 4919 6418 4245 1124 3556 1407 1931 34 4390 2907 7628 2106 5055 249 5945 323 6196 6712 1765 3830 3280 6666 3507 1026 354 5817 6044 481 528 1363 4755 4748 4391 1418 3261 1084 490 2553 160 2493 4612 1308 5675 1663 3398 1802 5895 5098 6395 5620 6711 78 281 7789 2081 6279 943 500 1992 216 6367 1662 7338 3251 7434 3497 3948 2078 2801 2453 6004 6844 1131 1031 3675 2746 3883 5835 1256 1173 4313 4352 3156 5887 435 5031 6649 4035 5382 2961 3667 721 3761 4004 7865 5586 2777 4988 1701 7756 321 3484 5838 3207 5130 4320 7092 1989 7428 923 2384 324 550 6228 5502 4306 4410 4398 2464 2584 863 750 1981 1874 7682 3432 7558 3120 3480 7644 2474 2399 2273 5832 1635 3716 2776 2199 5886 3408 6726 2979 3709 2149 2256 1780 7158 1427 6072 6260 3066 1609 2300 5038 3933 6201 7889 371 2370 2068 3841 6057 7259 6815 7393 79 1798 3173 7823 5553 3978 3352 4946 2839 4212 6003 3133 7518 7372 4248 7457 3102 485 3992 3962 3266 4578 2943 3827 1107 4034 4784 1057 7618 824 7652 1539 6305 664 4091 1259 543 5522 104 7057 2442 3341 626 1112 1312 3479 4195 6178 3856 293 6148 648 5436 1979 5024 6248 6439 2376 6137 4584 4776 1356 3979 7150 4168 2245 780 4331 3006 4226 1326 1109 3418 1804 6354 7799 2479 6220 3518 7840 6136 2933 4515 393 2929 5867 4517 763 4190 2093 7475 367 2730 7059 3230 3018 5091 6304 5050 5578 6819 7932 7478 165 1262 3808 2620 7294 4719 7021 1250 4084 5477 2192 4883 4330 5931 1722 3152 159 1120 7187 5006 2096 6662 1583 6048 4690 6168 4622 7537 278 5971 7610 3757 6327 565 719 3655 5926 3476 4652 2592 6039 6291 212 4068 7633 6980 2514 2444 6408 3198 2846 882 7600 5023 301 1310 6516 3719 7972 6236 2800 3972 7776 1704 3028 6851 7710 1406 6893 6030 4027 6947 6771 6707 7106 5657 4708 6166 2046 7077 6310 4716 1329 2971 5194 5500 5089 1040 484 2240 1769 5117 7042 998 7125 3414 1198 3161 6251 7214 175 4453 1797 1182 4775 816 7159 3549 2426 3991 437 204 7165 373 3594 3240 6919 4783 7233 2838 3834 3132 1393 1293 3381 6095 1905 5290 4974 7920 2981 1656 2229 6500 125 6765 246 4815 3880 970 3333 2637 2731 436 2644 2216 4619 4439 269 7657 2043 1104 6422 4564 3096 1695 5066 5752 7626 6628 6334 5983 5102 2622 1064 541 3758 6038 3045 1048 6221 2341 6803 7577 609 3369 2247 5767 7954 3492 5032 2025 6932 2636 5923 6729 3864 2691 1745 4445 6762 1941 4394 6538 5788 7988 347 2859 1789 3816 2880 7151 4441 6335 52 4566 784 4177 6492 2992 8 7535 4976 2912 4353 4560 7425 3435 7484 6618 812 2396 4646 6386 7908 5645 3917 1278 3908 4442 5111 7432 2458 5726 3751 4849 6247 6021 4536 2886 871 6475 5791 5719 4199 7073 5251 4324 4594 637 2530 5641 477 3410 7701 1741 4269 1855 502 667 5009 5399 878 6213 3745 5722 1524 6750 2687 2024 3922 6846 7409 5150 4513 6914 3224 892 5378 180 2643 87 445 2693 1590 5462 7773 3453 2430 5284 3912 7241 2388 6525 2980 2906 2266 2901 6401 39 4103 3690 7236 7523 3807 4003 6476 134 3695 959 5813 5428 267 7649 2418 6675 7358 3823 2568 1866 5744 4244 1381 2332 5427 4681 7346 7078 2652 3401 4463 7787 7996 2748 972 7020 3524 7198 3863 7906 4608 5727 1589 3436 6182 3468 6140 3576 4698 7067 3445 1794 1002 2739 1733 7937 2711 5644 6758 5424 2624 6877 4645 4376 7486 4278 3081 3909 2049 1369 3057 2282 7870 6157 5255 1527 2766 2425 5201 4509 5271 1018 3447 3121 6325 7115 6938 4572 3056 1247 7480 7103 4455 6826 2531 6314 2534 4996 1189 1415 4948 6215 2404 4344 3183 2519 1147 2279 3990 2724 4979 4143 4724 2580 3797 5146 3288 1483 447 2887 2203 6369 6692 2226 6978 6206 4000 6349 3798 5581 4305 123 3075 3061 5196 4603 1005 6455 6423 3606 1258 2763 7895 1097 2489 2808 238 2599 2036 6062 7256 3611 215 1533 1571 859 823 1351 305 266 6290 6239 756 6539 6100 17 6102 5615 4648 4828 7778 6479 1399 7072 3569 759 3375 4494 7629 309 6544 6412 7816 5362 3801 3047 1076 1742 3552 2287 3554 418 3350 6710 5298 5418 2772 1123 937 7315 5132 3924 3848 1546 4362 6258 1430 670 2401 4179 3416 6179 1545 4791 389 140 2315 3821 4156 1912 7623 7841 4683 7880 2047 1065 1337 1834 2802 1660 2231 284 5871 5330 4402 3966 2031 2500 1450 880 6915 710 3227 1012 2130 3879 3598 6568 3592 1770 6183 933 4022 1743 4126 1324 2722 1576 6770 2522 1984 7514 410 7846 7492 4123 803 6738 2296 5889 4284 5892 4735 3174 838 5139 335 4030 6052 7438 1959 22 530 7877 4715 5226 3318 2086 807 1864 1030 2067 2556 3474 1261 1336 5690 1284 1871 4470 5679 2141 6277 1561 4624 1232 2922 522 5984 5160 4546 1835 1268 624 2294 3927 235 569 7116 1115 4292 7112 2524 53 7455 1930 7382 5179 7533 4055 4189 5823 5213 1619 7340 3437 7993 6426 7247 7328 203 153 7361 1206 4685 1208 788 2536 7204 2029 2718 592 4579 3570 1598 5375 4998 1684 5120 6226 5000 2422 6801 1841 7237 4739 2565 3683 5291 2094 5060 1906 2765 3257 7003 428 3249 6992 4890 280 67 472 6005 4002 6909 7691 4064 798 7947 2369 2552 6529 353 6361 4832 1042 5092 4658 6431 3941 515 905 7369 5472 6718 4102 5257 2899 2492 5310 4539 2516 7426 7711 3925 7441 1603 6468 4144 6816 5155 2301 2012 4038 3832 452 6075 553 1119 2325 7174 4130 6510 3267 7436 4986 1803 867 3770 2303 5534 1229 652 7784 74 6315 1626 4924 444 3203 5249 3796 7221 5192 2431 4279 6928 2249 7873 199 6775 5312 4789 945 1136 7404 2771 3956 4741 628 5617 6265 1316 5865 5456 6491 5536 2373 122 4268 5219 1158 3078 3022 7768 7919 4367 1355 6076 1783 6590 1027 2834 3451 1472 2007 4826 7790 6573 4465 1528 4734 7620 4535 5610 6082 7205 665 1460 7586 1638 4482 3722 7654 1416 2884 5081 7308 6368 4980 6554 3622 2975 2639 2581 5504 693 3903 3238 6730 2672 1744 5696 925
Route 5: 7289 3462 5490 583 4600 1103 2361 7367 2103 2882 1454 5350 6286 7534 4686 407 6272 2070 6099 6602 6531 2362 5043 6965 467 4147 946 978 88 2578 3046 6355 2554 2411 3853 4870 865 531 5646 4804 4093 5903 1709 3766 2706 7149 2056 51 2571 6488 726 2851 862 1849 7476 2976 5123 2138 6548 6223 461 6421 6612 5864 846 5202 2892 1382 5880 1108 3710 4771 7528 369 5387 1728 2540 7497 2569 2011 2645 2135 330 1616 200 2084 5403 3197 163 3386 3764 2632 1052 6683 6887 2674 7898 3942 6323 1110 3731 6053 1216 6080 6701 2137 7758 6820 2951 3882 5649 2863 4781 4940 1575 2184 425 6728 1275 2359 7664 3740 1137 2781 1902 6921 4816 6208 5483 2157 5358 968 5087 1674 1071 6699 1796 1937 2252 4964 6456 2623 3457 6959 4271 296 4007 328 3099 2059 4982 2124 4599 3635 942 2872 7837 6010 802 4508 4087 1618 3789 6926 3837 5206 6163 4303 3234 3067 3295 5108 482 7876 2143 3794 7918 5076 1340 4899 4971 7309 7016 5948 6561 1444 1786 406 3850 1145 7263 3987 4256 6745 7883 4006 920 5714 3629 3438 5364 772 5859 5543 3171 5723 2144 2628 2994 6944 703 7268 5943 6288 2073 3831 7167 5647 2299 5407 4569 222 7160 6193 2662 3362 2991 5239 7491 4943 3031 3711 41 1692 7794 6515 3184 4071 2364 413 6973 2125 5199 6360 7869 2116 6884 1188 1004 6027 1464 3154 5094 6930 6351 4838 2441 80 6019 7848 7980 3971 120 4361 724 2208 4275 3360 1480 3779 834 1567 1726 5974 2467 6907 3199 5116 4669 7769 6234 7299 2930 3975 5664 741 6916 7817 183 5603 6472 5017 2330 801 6165 1617 4209 1220 6274 3999 877 2170 1574 5323 1191 5370 4506 4921 450 6687 327 7583 4997 3652 3098 2926 3860 6799 5566 889 980 7557 5989 4072 4501 7253 4987 2175 660 810 7648 4229 6795 6814 4314 1870 674 1236 1814 206 7772 2242 2803 7031 934 6194 779 7720 4995 4342 4073 4430 7321 7612 1118 1241 3159 7142 4468 4900 7861 7333 6153 3189 701 2950 6917 5898 3555 244 1612 6130 4149 1654 7567 3741 1235 7088 3337 6866 5475 1214 5019 6490 4786 1405 5062 1779 4754 3597 2291 194 507 3736 6878 5531 7281 7515 3940 6848 6227 5449 2227 730 2607 782 3458 456 4869 7506 7176 7166 7547 6545 5881 6445 4435 5665 6800 2743 1317 7445 2517 1384 6619 7008 3 5663 4905 4389 1948 7311 6589 5565 3320 2280 4580 6347 3297 3287 6092 1875 7893 5390 7625 2833 3595 1296 3164 2461 1668 7148 6805 75 6987 5429 6871 2454 4255 4884 5454 1422 4411 4718 4008 504 1758 7872 3626 2345 224 5819 1334 4765 1362 7530 2640 3818 6134 668 6660 4187 5125 4630 6322 1231 7138 4903 3475 6773 2154 5662 6452 3460 6684 1652 5248 672 1962 1646 4299 5778 5231 1972 365 2606 3037 3982 843 2290 847 2604 1819 4062 1283 7695 5834 2101 6894 4922 7843 2389 3332 3906 1320 1037 7139 7052 1641 2326 6854 294 2729 2505 4133 1667 1938 6495 6297 172 6991 3613 3188 1536 1490 7973 539 1514 1447 1380 3581 3285 7323 2717 5514 2180 5354 4315 6998 1276 825 6520 1953 3085 7111 965 2654 6615 5191 37 164 2381 6142 483 1305 5653 4710 5511 4128 7258 3604 2074 4796 1727 2335 5507 3054 7966 1311 4289 5590 533 3340 7835 3756 7603 2371 2207 4449 6751 7526 3506 3923 7699 5272 4588 5878 2919 594 7844 7881 5264 5842 6953 2614 4941 2699 108 1584 5311 254 27 2377 1435 44 498 5080 6483 3012 6995 3162 6081 3286 1383 7917 6212 5953 5441 5432 2507 5803 3973 2316 571 7283 1160 4360 3865 5195 3730 5193 5141 5274 4516 1755 1544 62 2131 382 7792 7314 748 6340 6693 362 6723 7435 6657 560 4740 6717 1126 7310 731 185 3005 5929 73 796 2520 5334 4438 6756 3313 6595 3616 5074 6342 5119 6031 2443 7493 2344 5316 7297 4586 7950 322 1228 4857 971 6378 1673 3446 3496 1812 2460 5882 304 6716 390 7575 1172 4282 1148 1947 187 5071 4661 696 1003 697 7540 7564 4033 4757 5169 3434 516 2365 5372 4810 4479 7161 1740 5576 234 4493 698 7630 6518 7064 6207 567 799 5508 5526 72 5754 3300 6604 2187 2598 577 1978 6672 7550 1715 3833 4216 6465 5619 1039 986 5636 6781 3792 3947 1850 3707 7102 1818 5302 473 1321 7764 6739 5877 6400 3411 712 7175 3677 4530 3682 1439 76 252 1594 7322 1175 5642 2152 2605 421 5552 6757 5014 3666 1270 2407 2069 5810 59 4114 1605 3226 5697 2482 3103 6924 6636 419 1178 1249 2267 5122 5625 1853 6089 6830 4172 5771 3530 3053 2258 7979 7740 1569 7224 5247 138 7419 6749 3419 7617 839 4621 6647 1089 7640 5836 4873 2278 3088 7394 952 1420 7032 1760 40 5772 1908 5729 4117 3113 2967 7345 5295 6126 6617 2173 6138 2023 2995 829 7023 1016 2589 283 7188 1060 2329 5678 6217 2000 4605 4865 5360 4689 3957 786 5694 5104 4298 3868 4092 3812 4397 3800 1951 6547 5824 458 6533 2052 6176 1985 2462 1610 4820 893 63 7606 6578 6524 3944 3377 6908 6581 7839 1854 4210 806 2785 4386 743 6497 4127 5103 1285 4469 894 3015 527 1101 3574 457 7357 3859 7162 4850 7802 3307 6772 2793 5747 3861 4173 3237 3145 6755 7752 958 6037 4451 2122 7814 7786 3774 1204 7403 4094 7946 1013 4043 176 6951 7225 2911 5486 7668 412 4595 5333 6746 3647 830 5183 548 2679 6967 5849 7406 3426 4051 3749 5225 2594 4357 1659 7587 7199 1201 7070 1151 1550 6585 3354 6116 2873 7091 7301 4705 7442 31 2383 4024 5855 7997 3303 5686 3546 415 1923 1029 1884 3019 7513 463 7595 1757 4425 2832 2875 1290 7812 6541 2853 3748 6362 6836 4834 363 1313 3720 2276 913 1843 4898 213 4814 4779 7541 4959 7702 2230 3101 1359 2957 2270 1847 3041 3528 2508 7641 707 6128 3385 1015 2856 4486 711 3397 7885 4912 6185 2738 3390 6410 5118 7451 2788 7275 1600 2822 4420 4104 7424 6141 2176 1966 2521 6127 6267 4227 3869 2697 5639 1463 778 1159 7957 121 7269 6752 311 1210 3974 4797 5757 1271 630 5982 4975 4240 5627 1234 2555 5783 7999 7730 6078 3387 2842 6994 5988 6496 3533 4121 7013 735 1398 4751 1805 4655 7766 7330 5457 6742 287 5914 5162 5242 5459 1438 3328 4095 5858 4818 1942 858 7430 6396 1215 7897 3703 7134 1098 1945 7240 4753 6218 1209 3673 6769 1955 4120 7570 2171 593 4841 7986 929 2954 5991 7703 5097 4461 1245 5682 797 6007 1341 1676 5506 3706 568 4635 3632 1878 3526 826 5431 5353 5203 2363 3884 1556 4763 2760 3489 5847 3609 6171 3717 4990 5489 6556 6222 1751 4408 4232 6254 3402 6329 5347 1645 5152 5916
Route 6: 3712 2900 729 547 5487 6797 2165 4833 4396 3819 1580 5020 7864 7356 4861 7563 745 6188 182 7888 2969 83 7700 1379 6658 4549 1822 912 6460 7170 94 6440 2560 4862 1121 2392 6829 4498 1114 6794 5341 3688 5386 2780 70 4860 841 3124 4484 5868 4116 4607 4334 5947 3455 1179 7978 4348 821 2525 758 866 3684 725 2953 150 7969 416 4643 6599 2742 1774 3163 4742 432 7459 4192 2274 3219 23 3467 3501 936 6225 3229 4273 4675 2456 4074 538 2235 6996 132 3726 5518 6393 2088 5910 2090 7334 4428 2160 3515 6850 7568 5313 3118 1749 7209 6332 1035 4310 1342 7809 3747 3068 167 3755 2642 3824 5217 6897 3048 3448 3338 2758 2120 774 274 2767 2018 9 3477 261 350 2546 2048 3187 3305 4744 993 5604 6812 4001 4272 2820 5712 3578 3373 6294 4099 1374 891 7035 7891 544 6073 4373 804 7553 2098 8000 2498 1226 4066 3442 5003 5765 1224 7797 5267 2544 7201 4601 7123 7477 815 5556 6453 6376 7653 2535 1519 3343 7762 5425 6855 2993 5497 6041 496 5996 7708 4151 4555 6394 737 5857 4699 3698 6428 5129 6804 3727 4412 18 4304 537 5085 6931 4711 7782 2694 3670 1306 5937 3420 7566 400 1017 11 2071 7471 4259 7845 255 315 4323 6186 1748 5741 4694 3216 5745 32 3469 4163 7753 5635 6372 4295 5377 6997 6966 7298 2617 2080 6285 7462 591 4198 7890 2476 4160 3329 2577 1492 7303 7113 1218 1025 440 2931 1535 5784 5614 5596 7698 4235 1257 5269 4280 629 6986 4641 1266 6942 2864 1700 158 462 2343 5794 5244 3172 5415 7006 2601 7494 7114 7921 6144 606 5485 4052 3312 325 6298 4858 7951 5174 6970 7975 511 3109 5265 3891 4471 1111 16 4801 7164 5027 89 3661 4153 2885 5559 7473 6843 1807 5730 2167 5799 6971 3586 36 7611 5064 4016 7588 4107 2414 5766 6933 4952 781 4124 6233 6562 5329 1573 2435 3241 2099 1360 787 2055 6419 6963 1273 4957 4668 442 5282 5262 1540 5473 3063 3205 1521 5677 2356 5924 5999 2436 5738 7627 7910 3750 2821 3659 237 850 4312 7868 2250 5944 1009 5706 3838 5981 7831 6358 5530 1893 248 2415 7785 5709 7107 7069 6443 6596 4260 5805 2677 5339 7660 4042 7874 4847 5182 6779 5820 740 4777 1764 2972 7002 5470 7155 2870 6760 3795 5246 6484 872 3976 915 221 7871 7094 257 5151 3302 723 263 1826 5337 1661 540 960 7665 5408 5419 4938 7074 3074 4261 1585 6563 5227 1364 5879 2191 1983 1227 6847 7405 1260 7216 1707 6240 953 1193 1592 7089 6929 2778 5850 4252 128 1833 5078 2481 1970 7858 2010 551 1907 790 4118 3391 919 7852 7274 3692 5380 226 3265 7722 6809 883 1763 1767 1304 6145 6606 1092 6708 161 5021 4878 6266 5458 1967 7388 5510 2350 1132 71 5733 3382 3851 408 6629 3814 2849 4474 1932 7589 5392 5693 1848 2412 3380 1620 1595 3481 2241 4885 2449 1378 2204 1156 4112 144 5839 4671 113 6043 2678 2990 2057 5096 5128 4358 6521 7005 2843 4236 559 5932 1318 5523 1343 3931 5601 3412 607 4956 5801 5977 5397 399 5902 556 3126 615 5840 1538 4138 5163 3805 5258 3131 7010 6824 5533 2342 3932 228 6270 4446 3872 3599 2400 2451 7182 3178 4423 3742 7267 4638 1976 3052 7183 7440 870 3567 1672 6680 2028 340 1531 1146 6050 178 118 7460 1862 6936 3615 5010 7354 6151 1997 2966 2835 7676 7718 5005 2888 4533 1424 720 4296 5670 5442 2865 7793 7967 33 2212 7228 6793 7189 1482 1292 611 6523 996 2936 3995 5332 3470 876 3963 2737 7448 776 5356 4727 856 6098 2445 5349 5519 3422 4356 3926 1269 5821 3317 4302 1921 5554 879 5683 5369 6424 5134 7396 7520 1357 3846 3212 6244 3608 2804 5110 2537 5572 1153 4010 4381 6677 6974 7760 2946 2491 6045 4081 3291 1100 6253 3073 5288 264 357 6170 2938 4505 562 7522 2338 7378 334 7191 3175 1428 6209 6088 7539 7715 7097 6506 5734 1547 3854 5876 4413 4913 28 7854 4663 5525 1795 7576 4096 7080 1353 233 7709 835 5209 7736 2243 2962 7693 5044 4920 5562 2309 4089 5964 4950 4649 6480 198 5699 2480 1703 5172 974 3998 3235 4547 460 3881 2558 4053 2723 6896 4793 5888 312 7012 6761 1711 3322 645 5 5593 605 7235 7047 1301 4395 6698 7391 3669 2792 6798 3140 5448 2538 4604 6501 6740 928 3461 2529 2447 3514 1706 6454 117 3640 1614 5870 6250 7855 5633 6822 6507 973 6999 7551 4180 4823 4368 7721 3021 6874 192 4040 3877 5417 1441 924 3463 2898 851 4176 5602 3696 2062 7120 1650 2194 1325 7724 3820 5208 6085 1024 939 6388 4079 837 1772 753 1067 4364 3527 3487 700 6437 7916 7842 2818 1488 3735 4764 6821 1936 1465 49 6638 7383 4709 6530 448 5304 5455 5106 7609 4335 7643 4371 2703 6872 6125 3547 4101 7279 3271 7942 1790 1896 7638 7051 1564 4702 6537 4774 3394 5861 262 2156 3345 5211 6407 1606 1314 7423 2876 1868 1366 908 5750 1756 6156 3334 4551 2478 3551 3255 1858 6913 2791 5352 722 346 5904 4798 1737 4218 6427 5185 3195 5896 3122 5189 5022 6464 6451 4844 5384 2871 4067 1596 4456 4416 1681 5922 7136 4856 7713 3246 4743 3553 14 2663 1152 1023 1032 6246 2964 7397 1168 4414 5266 4581 4447 3472 6494 5236 1211 5124 2949 3245 5674 1513 7983 509 4088 2322 7965 4489 2736 7647 7571 4679 1496 7056 2956 7336 3471 3811 2551 3890 3855 5949 6241 1961 6434 4113 7508 957 3565 4473 5404 4286 5200 7085 2064 4264 247 5176 7184 429 5609 5482 3620 2087 6674 7172 6051 2233 4184 5814 7788 5689 7949 6058 6972 2127 4553 3760 4787 7220 2209 2177 5676 581 5464 572 96 3185 6664 6873 5812 6889 5314 7024 1331 455 7450 7280 2347 4782 3693 5666 3080 6988 5542 3346 5735 7245 2085 853 6681 7208 7004 1230 4013 3060 7853 2955 4592 3676 7248 5925 2812 6033 7878 6857 7658 7642 3628 7913 5035 1036 6901 1352 3605 5818 5883 4695 3363 7431 6858 7447 6767 1925 739 4404 6346 2228 4762 930 6320 4510 4246 2459 5673 5713 1787 6022 3039 4966 3374 6910 3425 29 992 5259 210 564 143 7825 5568 1838 1960 5109 6593 5401 3969 3326 5770 177 631 2179 954 4965 7147 6341 6470 5668 4521 5433 494 3258 3538 2634 1150 7759 3181 2948 6026 3829 1867 4701 2066 5843 3339 377 4475 2268 4545 7377 7592 3209 6435 2355 2586 4664 3153 3423 7596 7803 519 1442 4682 2883 2796 6732 1474 3886 6402 7938 619 2559 5907 4528 42 6587 5099 5764 1579 5736 7200 1328 6849 715 3464 6862 734 1303 1302 1127 4723 7030 2421 7887 4874 699 1481 7319 3292 130 5563 156 2816 7271 3875 4827
Route 7: 2726 7765 4137 2298 7307 5585 822 5037 7690 3900 1729 1498 1721 1452 7597 6993 7927 5967 4660 1192 4238 166 2528 2439 7850 5715 3650 706 7468 1899 1028 5154 7573 6404 4570 2823 2770 3874 2615 4567 488 3871 6391 4503 6471 6473 2499 984 7469 5447 1190 4688 7955 5560 3035 3929 6319 5774 5175 4021 792 6462 5589 1466 3029 4916 4139 6094 5389 4085 1897 4319 417 4349 6870 5315 4485 7751 2585 3985 6339 2657 6357 4129 5204 2117 2588 3365 2917 3331 1069 6695 2561 4208 1965 6273 6637 738 6068 6748 3721 4772 2997 2375 2466 6558 229 3822 4131 5495 376 1010 3092 3732 941 5629 2038 6383 1022 7744 3059 995 4647 5153 3273 5180 744 7043 2147 1212 6143 4680 5790 1696 524 4703 1000 4083 4219 98 6249 5921 2472 4888 4005 1163 6574 4499 2733 5335 3176 5539 4257 2761 6505 7580 2225 6308 3590 5391 3639 2721 174 3870 2016 2695 5909 4036 5569 2437 1315 2550 2897 7083 4161 2211 4188 635 7734 310 4082 6056 2830 6632 3342 4512 7546 4871 7086 2210 3017 6937 1014 4677 7145 2017 6235 2146 3123 1991 151 4511 258 5144 6415 4707 7697 2417 111 195 4300 1963 3531 4401 1844 4803 4281 3899 7465 3348 3534 3417 6780 6759 2533 760 265 6869 5816 3353 2593 273 2685 7928 7651 6935 2416 2908 5083 3713 3304 3952 1205 391 7033 6860 2132 5238 5660 6609 673 2591 3493 791 6356 4527 767 5580 5133 1187 5740 5959 2891 1922 4158 5969 4476 521 54 6192 6984 6097 848 5250 7141 7412 5546 4637 2794 3268 2609 4462 5233 4109 6366 7791 7565 131 4978 7140 6957 2879 640 7561 7109 1940 5529 7217 1434 1149 86 709 5520 4228 5413 7574 5270 4459 4760 2238 7569 1973 5156 5827 1532 586 451 3585 566 6550 7977 7290 766 1957 1710 1903 5524 5564 6927 4454 4973 4785 5142 6786 2874 77 4316 5743 5587 3441 7386 5648 3289 1457 256 1213 1154 7327 5046 1200 7806 1687 4167 404 1630 2806 4340 2574 4241 3642 3443 3192 344 4388 4977 4347 4333 7105 2682 1719 1950 2989 3155 3887 997 5638 279 4598 7796 6162 5460 4749 2394 4207 3540 4945 5072 6350 4961 2532 4437 4942 676 378 2148 7463 343 2852 1750 1917 902 6605 4325 2646 884 4037 2139 1623 295 7763 6577 154 6700 7712 6962 1946 6630 4866 2608 7771 5987 1167 3427 5371 6841 3671 4497 6952 552 4969 5402 7324 30 5995 6981 441 7892 6511 4670 5950 4852 818 5951 4 317 4247 4225 3949 7232 2397 1988 7202 2857 184 7335 5954 4297 7560 4542 5710 4928 4544 6840 285 5344 3943 50 7418 4821 2051 7847 5521 3194 7650 2683 910 2075 3407 1577 4206 4811 506 4541 1143 4429 474 6232 4045 2660 4520 2815 3793 6150 4249 4369 147 6444 5917 5466 4186 260 6802 394 1500 1975 5537 7065 6976 1094 6377 2504 3610 4548 6570 19 3542 3997 4193 2671 5410 5406 1113 5496 805 6569 6768 5366 4370 5126 3522 2942 7014 5936 3772 3478 5011 3612 65 3885 6000 2673 1487 2107 106 1651 6508 4504 6345 5873 270 4768 3619 620 3625 3562 3064 3729 5656 4812 3691 6788 5090 5501 7273 5848 3290 2185 136 3310 1050 4593 2754 727 1697 4989 2297 1889 671 6303 7339 7362 6572 1058 2166 155 5721 43 7805 7902 7276 1252 5756 6837 4488 3357 4108 7325 1433 658 402 1562 1890 6259 6911 4400 318 6328 1816 2307 3687 1255 770 4354 5084 6482 6237 7238 6634 1161 5018 3084 5769 633 6385 702 149 2385 7545 1608 6432 6979 2304 7704 1927 3660 2675 1886 7599 5491 2398 4732 4746 3572 3294 742 4436 714 5777 3049 3201 5793 1129 6715 5900 1746 6983 4845 4448 5830 5928 2174 2600 157 2324 6900 1093 6047 3724 1999 1682 7171 7635 6181 5308 663 3771 7040 6245 3782 7944 6744 3989 901 3136 7427 2393 5468 1181 289 832 5979 3315 6549 7098 5474 2813 5368 3100 3323 3715 5079 4202 7732 7827 6950 1815 2810 6174 4692 2213 2013 1510 7636 666 681 3784 2091 1752 1397 6106 253 7350 7532 2789 3498 2769 4519 5973 3648 6300 5493 5527 1272 1265 6458 6586 1713 3844 3665 6035 6592 3559 1459 6189 4717 4385 4365 7659 5297 3996 3211 4351 1702 7129 3179 4614 5093 5725 2214 7974 7915 3023 5042 7943 3421 2021 911 2032 7026 7952 4197 5381 7512 7408 5073 1736 3026 7747 3316 5597 733 4134 4267 3399 6968 2026 6264 5687 7467 3845 2701 5748 4407 6036 3964 2649 5968 4020 4819 4632 6504 2905 6061 622 5956 6633 3986 1954 5405 4917 6583 6565 5667 4927 2998 6486 3158 5975 4266 6631 6580 433 6448 6312 6287 4490 1820 6459 476 4495 6754 3663 7692 2541 4602 576 314 3913 497 4738 1647 1139 2340 5776 4023 3867 7215 655 2006 5708 570 3274 6121 3449 3206 4011 5498 887 2947 1068 7222 2308 1730 557 603 2506 1892 1475 2463 6373 1541 5655 7050 1217 6392 5795 4565 3960 7048 7223 1578 1998 2590 5494 651 6229 169 1777 4935 7723 6195 6115 686 855 1747 1821 7581 5324 3685 4656 7490 587 6667 3051 3093 7352 3950 7054 7126 2063 3788 3114 5438 1413 1164 3638 5488 7239 7696 1637 3544 173 5811 4609 6477 1263 7266 6499 5786 5345 2317 2705 5702 1508 7645 6066 874 4393 3739 7677 3473 7555 3190 6787 3517 7128 7061 2619 3119 3433 3840 5065 10 1479 5993 1038 3236 3465 3509 757 6375 3689 1640 383 5976 6783 7058 4178 2351 3160 526 4770 4887 4341 1904 536 585 7379 7585 7598 7940 7413 7454 3500 4644 4934 7181 3299 3826 2019 5273 4434 2181 5303 4050 2915 6338 1377 6256 6571 4636 688 3753 6946 4182 7062 2978 2140 3359 2283 6557 4904 12 3016 2658 1873 5423 6029 486 6526 4339 218 3403 2596 2277 2798 7529 3649 2819 775 5465 392 4611 6727 1671 1344 3330 1295 7137 1859 2040 768 1327 1791 582 2200 133 6113 259 6743 4363 361 5742 4523 5453 5561 5785 3977 2382 7169 5751 4790 2655 3623 4750 2511 6112 1525 1174 4338 3169 7572 596 4999 1974 2455 7365 4967 5114 7474 4057 5168 2352 6906 868 5515 5107 6139 3937 7552 4078 4840 6387 5451 4132 2372 7272 6324 927 6774 6028 2358 2564 7313 1586 6603 6172 7992 3125 6409 3043 4879 985 1248 7500 326 7046 6006 6364 5874 975 4993 1771 5860 2339 7544 827 1246 558 597 282 6463 1505 1677 25 3603 1410 6009 6669 944 7516 7593 2420 6015 3314 7851 4311 2817 358 4491 286 21 5994 2782 2323 190 2539 4175 977 4048 7461 2630 1251 3349 3664 1831 3508 7822 3510 1918 1872 3561 6147 97 7862 6949 4557 836 3955 2378 4745 7119 2641 2110 3842 1395 2164 6682 2904 5612 1568 2161 6187 4056 7666 1699 1 7027 6625 271
Route 8: 1846 2495 7390 7507 2272 4831 3630 7163 3898 2661 5030 2797 5555 6429 434 1995 1552 5547 1075 7416 7501 6934 320 5319 7017 5052 4125 7395 3914 6534 1412 2034 684 5137 3918 7953 493 623 7196 3700 5906 2374 1915 449 1299 1282 179 5608 4162 1611 7907 6074 3765 303 7398 5704 7663 6202 5317 3705 6940 7157 3107 5440 3968 7538 7029 5718 6714 1813 3336 1404 6706 6753 2092 6289 3182 6461 7899 7300 5224 1705 1520 7783 3746 554 3233 931 2089 1856 4983 4696 7757 5990 3654 1900 7896 7411 6671 999 1080 4693 4778 3150 1388 5136 3444 4625 1958 3521 5127 4954 2022 3541 2934 5229 752 3040 3301 7679 6709 1222 783 6985 5100 7775 2696 7439 356 7504 3607 4556 4170 754 2638 6485 6343 7578 2611 4524 232 5001 3306 512 2831 7143 4836 2799 4098 4837 6923 765 1773 6067 4911 6610 5787 3634 7206 3965 2486 7678 333 105 2222 7662 3888 7970 6808 4031 4759 5755 6123 3367 1781 689 6552 6348 1793 7745 5296 6389 6898 4799 7402 7337 6678 4140 5026 4875 4597 6608 2082 7053 1928 1194 602 561 4687 3573 5505 2368 3994 2848 5280 2959 2468 3633 5595 3651 3571 217 4293 1956 5732 6635 3275 170 2136 6784 7746 3003 5792 3431 5759 2039 2854 1625 5920 7063 5245 7291 3786 7207 7219 885 7296 6416 7867 7385 7960 236 4418 2918 4221 5579 2982 465 3466 690 2002 2248 396 5063 1045 38 4377 5613 1350 5724 1157 6502 6514 3835 15 5357 2041 6135 4558 7729 7689 3252 7168 1718 1881 193 6084 5598 5367 769 2232 126 1421 5049 517 7001 2079 3253 3115 588 5395 3993 1553 93 2999 1828 6104 85 1130 7371 142 7429 466 7509 5919 1501 2465 1891 6579 2496 1197 7025 7458 388 6676 7829 5045 1829 4041 1429 5966 3575 643 2237 844 1053 6838 3681 6724 3200 5869 967 5346 6275 3910 5275 46 3657 3424 4676 2217 1073 6023 5545 3370 3277 5240 1436 468 6613 6673 4380 7156 5420 4258 4910 6282 4805 116 7360 654 4728 7836 656 69 1648 6955 7956 6641 5512 1253 2150 6776 604 5379 109 4571 3135 6885 420 1021 4150 4733 3110 3371 6503 1095 2610 948 5061 5338 7911 7355 4589 2206 4012 4375 903 7607 2321 7178 5039 4502 5963 7132 4318 5286 7270 7559 932 2715 5318 6255 7039 1128 7705 947 7914 66 7343 2 1670 5253 308 3936 918 6124 1414 5121 2102 713 5008 4231 2728 6159 6295 4431 5594 1177 2244 6975 7066 5321 7926 2939 7421 762 2937 5737 5544 6655 4585 4633 6108 2747 1982 6261 5809 3894 7498 3351 4825 2196 2220 5029 994 7400 6177 2896 4577 819 896 3568 1880 7210 1599 6224 3778 7464 1529 2895 7832 5025 5016 2503 4929 3450 2562 7015 1096 6646 4697 2100 2749 1776 5214 661 2450 6867 3014 7049 4015 1495 4384 1372 4141 24 6110 5654 1455 6864 3256 5165 2621 207 5939 4725 7122 7011 300 6032 5550 5261 4460 1122 2523 4452 3213 6065 103 1484 7177 3806 3959 6834 7733 864 351 2406 5279 4623 747 6719 3013 2275 3298 546 2719 5637 1680 2311 1458 2903 4629 4075 7602 4185 60 7041 443 1549 4327 4262 5331 795 1133 1724 2497 4174 5343 4839 3920 4817 4253 7154 4813 4855 4032 6823 2741 3409 3231 1506 4634 3050 2543 6064 5591 2829 6954 56 4405 1086 5912 4552 3915 1082 4426 7249 7833 5852 2255 288 1842 1649 7093 7152 35 1887 6620 4111 1061 3082 4574 7195 1504 6904 7108 3762 1929 4026 5086 1632 3637 503 3674 4483 4654 646 2151 4148 3091 55 1734 6811 7260 7849 2680 7364 5040 5567 129 219 2473 5573 2234 4562 4800 1446 4086 5826 1534 3790 5033 1754 1686 2319 1885 2807 7987 1349 4419 1186 7669 1810 3701 1300 1761 1910 7234 3627 5933 2627 7748 6856 5325 5781 5853 5624 1909 3439 6639 4953 6474 514 6582 2582 4142 2925 642 7375 1049 4867 3733 7968 6528 6055 1811 5205 6430 3783 6154 6880 6892 5210 1280 1467 4575 5015 4653 7826 4059 2928 2318 2867 1376 395 2223 5746 2698 7368 5340 3368 5884 4080 5516 3134 981 6180 6690 1062 1860 833 3744 1461 7284 4672 6656 2916 3503 3148 2811 5961 4136 4880 7591 4678 736 3062 595 6380 7933 3247 5394 6337 2336 4788 7257 1669 454 2182 2427 6014 5101 5167 1185 7510 4972 5278 225 2433 7018 2285 2095 2625 3032 5435 479 5292 2253 4951 5695 5067 1698 6886 7830 5363 7735 3876 2337 3001 5235 205 3036 3646 7292 4029 3389 7738 7087 4223 2653 5207 1530 5218 617 6642 636 1375 1286 110 2331 1952 7672 2470 3191 1644 7326 127 4169 3284 627 5643 5095 6741 2713 7044 5105 1470 5430 4915 6941 3034 1588 7121 598 4518 345 4355 7227 7255 987 91 518 6252 4481 4009 1221 1183 4119 3809 1597 5348 3901 5434 1243 1657 6353 2105 6173 6457 3042 7084 7384 5509 5260 3076 2030 831 2814 1986 6982 3529 7288 3151 578 6016 5342 7673 1105 5780 687 3413 2058 6522 6532 3617 2419 4876 5822 2037 6925 7795 1924 574 5955 1836 137 2690 4691 2262 5845 112 4265 1361 1033 7499 3204 6868 2889 3600 5577 7605 1683 6352 5592 7779 2710 2667 7389 3232 5828 4069 6117 5728 5894 2768 3504 704 6283 1279 3324 6397 2313 3636 6654 2044 1655 6330 5088 4550 7774 632 3763 2913 3055 6133 2567 6111 2286 1935 387 6902 7192 3025 3070 3935 5551 6853 7959 6271 6449 2716 3065 3405 4576 1837 6622 251 4780 5186 5540 1449 2735 2188 3873 5300 3009 3459 3180 1689 3137 7749 4534 6694 4317 2515 4157 6190 5535 1964 3248 5986 3699 384 4809 7866 2960 2920 4540 3930 446 1417 6737 647 5538 6643 7246 4146 6721 20 2708 146 316 5437 2475 1996 6278 2353 4968 1281 7615 4025 2809 243 2861 5528 7095 3344 3535 3044 6651 4183 100 1264 2740 5115 6498 6696 1949 510 3754 4666 7218 4346 2197 1365 3828 4374 7824 7045 7034 6861 2656 5306 5221 523 6129 4773 4906 705 6702 4756 7329 7264 7632 3270 4824 1291 427 7941 813 5479 6777 808 7608 2965 1882 3799 2260 7380 3582 4894 3404 64 2659 7306 4730 7780 5574 4276 4864 99 2129 7483 922 4617 6689 5941 1642 777 3958 1738 1319 7347 4896 4458 4507 4792 6230 495 6146 5036 708 4492 3644 3983 7082 7022 6733 6365 1184 7124 3112 764 7680 3892 579 119 6318 5829 2755 983 4047 1766 7265 2357 6008 4224 1390 1688 5804 1047 1712 7601 5476 6895 2510 7536 6069 2009 7531 678 2259 3539 5691 7293 7305 7251 1664 7417 3672 6766 2752 3393 2597 3785 7482 3738 1386 211 3580 5600 5541 3030 3775 7670 3396 3157 4478 7912 92 2134 2757 7838 6219 7904 6575 7604 785 4902 4712 6175 3210 6284 250 2333 3728 7614 4480
Cost: 55823.870
best cost: 55823.870
