ACO Parallel Starting with 32 threads. N=8000 K=8 Cap=1200
[progress][mpi] epoca=1 | epoche_rimanenti_prima_stop=99 | tempo_trascorso=0.9s | tempo_rimanente=299.1s | best_cost=15482.219
[progress][mpi] epoca=2 | epoche_rimanenti_prima_stop=98 | tempo_trascorso=1.2s | tempo_rimanente=298.8s | best_cost=15448.478
[progress][mpi] epoca=4 | epoche_rimanenti_prima_stop=96 | tempo_trascorso=1.9s | tempo_rimanente=298.1s | best_cost=15395.170
[progress][mpi] epoca=10 | epoche_rimanenti_prima_stop=90 | tempo_trascorso=3.8s | tempo_rimanente=296.2s | best_cost=15395.170
[progress][mpi] epoca=13 | epoche_rimanenti_prima_stop=87 | tempo_trascorso=4.8s | tempo_rimanente=295.2s | best_cost=15327.898
[progress][mpi] epoca=15 | epoche_rimanenti_prima_stop=85 | tempo_trascorso=5.4s | tempo_rimanente=294.6s | best_cost=15238.841
[progress][mpi] epoca=16 | epoche_rimanenti_prima_stop=84 | tempo_trascorso=5.7s | tempo_rimanente=294.3s | best_cost=14934.934
[progress][mpi] epoca=17 | epoche_rimanenti_prima_stop=83 | tempo_trascorso=6.0s | tempo_rimanente=294.0s | best_cost=14588.389
[progress][mpi] epoca=18 | epoche_rimanenti_prima_stop=82 | tempo_trascorso=6.4s | tempo_rimanente=293.6s | best_cost=13950.103
[progress][mpi] epoca=19 | epoche_rimanenti_prima_stop=81 | tempo_trascorso=6.7s | tempo_rimanente=293.3s | best_cost=13115.445
[progress][mpi] epoca=20 | epoche_rimanenti_prima_stop=80 | tempo_trascorso=7.0s | tempo_rimanente=293.0s | best_cost=12121.630
[progress][mpi] epoca=21 | epoche_rimanenti_prima_stop=79 | tempo_trascorso=7.2s | tempo_rimanente=292.8s | best_cost=11243.359
[progress][mpi] epoca=22 | epoche_rimanenti_prima_stop=78 | tempo_trascorso=7.5s | tempo_rimanente=292.5s | best_cost=10558.898
[progress][mpi] epoca=23 | epoche_rimanenti_prima_stop=77 | tempo_trascorso=7.9s | tempo_rimanente=292.1s | best_cost=10110.174
[progress][mpi] epoca=24 | epoche_rimanenti_prima_stop=76 | tempo_trascorso=8.2s | tempo_rimanente=291.8s | best_cost=9836.851
[progress][mpi] epoca=25 | epoche_rimanenti_prima_stop=75 | tempo_trascorso=8.4s | tempo_rimanente=291.6s | best_cost=9641.576
[progress][mpi] epoca=26 | epoche_rimanenti_prima_stop=74 | tempo_trascorso=8.7s | tempo_rimanente=291.3s | best_cost=9535.086
[progress][mpi] epoca=27 | epoche_rimanenti_prima_stop=73 | tempo_trascorso=9.0s | tempo_rimanente=291.0s | best_cost=9419.933
[progress][mpi] epoca=28 | epoche_rimanenti_prima_stop=72 | tempo_trascorso=9.3s | tempo_rimanente=290.7s | best_cost=9352.398
[progress][mpi] epoca=30 | epoche_rimanenti_prima_stop=70 | tempo_trascorso=9.9s | tempo_rimanente=290.1s | best_cost=9256.235
[progress][mpi] epoca=40 | epoche_rimanenti_prima_stop=60 | tempo_trascorso=12.7s | tempo_rimanente=287.3s | best_cost=9251.470
[progress][mpi] epoca=50 | epoche_rimanenti_prima_stop=50 | tempo_trascorso=15.6s | tempo_rimanente=284.4s | best_cost=9251.470
[progress][mpi] epoca=60 | epoche_rimanenti_prima_stop=40 | tempo_trascorso=18.4s | tempo_rimanente=281.6s | best_cost=9242.652
[progress][mpi] epoca=70 | epoche_rimanenti_prima_stop=30 | tempo_trascorso=21.2s | tempo_rimanente=278.8s | best_cost=9242.652
[progress][mpi] epoca=80 | epoche_rimanenti_prima_stop=20 | tempo_trascorso=24.1s | tempo_rimanente=275.9s | best_cost=9242.652
[progress][mpi] epoca=90 | epoche_rimanenti_prima_stop=10 | tempo_trascorso=26.9s | tempo_rimanente=273.1s | best_cost=9242.652
[progress][mpi] epoca=100 | epoche_rimanenti_prima_stop=0 | tempo_trascorso=29.8s | tempo_rimanente=0.0s | best_cost=9242.652
ACO Parallel Ultimate Completion. Best: 9242.652. Time: 29.782s
Route 1:
Route 2: 5340 572 5464 96 5432 6212 7368 6334 1383 7917 337 4432 4234 2755 6876 983 6995 2857 184 1471 2514 6980 7633 6240 2032 7026 2289 911 3286 6081 1988 4687 5277 5505 3573 5187 3601 2549 4195 6178 3856 6167 4525 3866 7374 7767 4640 1013 4094 4241 3030 455 7450 1331 7434 103 3198 3443 3642 7000 489 5002 5007 7716 4233 2060 5189 6813 7527 7208 6065 2444 6408 604 6776 3122 5896 1662 1737 4218 4420 4104 6141 7424 2942 245 3522 2310 1453 5787 3634 1966 2521 2176 2078 1735 5298 3135 6710 3692 7274 7852 1591 3293 3213 2751 4263 5600 4452 5980 5041 3165 1089 7640 3679 1497 3108 5703 7316 1532 5827 5295 6126 7952 4621 6647 4856 3787 4583 3579 1106 6593 5401 5741 1748 5951 818 2928 276 4251 7076 3565 4481 4009 2109 6596 6443 7029 5718 6714 4657 395 2651 599 5746 2223 7934 5057 7857 6616 6536 5893 4944 7810 2698 6997 7298 6966 7495 897 2617 4010 1153 2080 6285 1404 4381 7874 3876 2210 4042 2867 1376 4295 5635 5377 6372 5568 1467 4575 1628 4626 438 6111 4537 5692 7086 1280 5210 7326 2314 2631 960 7665 5408 4049 4499 2733 5335 5381 1707 3176 7348 899 1260 7216 7405 351 864 6834 154 6577 159 3152 1120 1025 1218 440 2551 4154 4722 127 4169 2191 1364 5879 5227 1585 6563 7655 1823 4261 4938 7074 5419 6241 5949 2211 3809 1597 7083 7964 789 7525 7734 4866 4324 4594 4641 6986 1266 4638 7267 1976 3052 4423 3742 174 2016 3870 3272 381 5532 6268 3725 1741 3039 7701 3410 4966 3374 637 5641 2530 477 2616 5285 5569 2437 6022 2866 4036 3342 4512 4082 2830 6056 1456 5628 6942 3250 4843 5680 4706 6632 7173 6434 870 2028 6680 3567 1672 7265 7182 3178 5281 6818 2357 2400 6270 6824 5533 2342 3932 228 4616 3361 2295 873 2451 5009 667 5399 4269 278 5971 7610 3757 7537 565 6327 1221 6895 2804 3608 5251 512 2831 7143 4836 3800 3306 5001 957 4113 7508 5476 6476 134 6782 2159 4918 3520 4199 7073 4119 1183 881 1411 502 1155 1787 5713 5909 1855 3655 719 878 5269 4280 629 7440 7183 1166 634 1373 5513 3723 310 5237 2126 5161 4061 4161 2897 2550 635 1503 411 1753 6810 1099 6546 2337 1315 2153 4721 7185 4188 3890 3855 3001 7056 1496 495 4679 205 7571 7647 2457 1056 398 1330 223 6753 5596 7698 7712 6962 2864 5059 4720 1961 1531 6630 1946 3007 1199 114 3488 340 264 5288 357 5235 313 3583 2736 2956 7336 1257 257 5151 3302 5337 1826 6960 2974 6974 5348 7760 1883 115 4895 6677 6518 4329 4613 4464 1901 2488 6899 2666 2734 5791 6475 7569 569 5509 7965 7384 6071 5719 4043 5822 2322 5027 567 6207 7064 6045 7113 7303 2491 2946 375 1394 1870 1203 5360 4865 4605 2000 2855 600 4689 418 1893 5530 2415 7785 7718 5709 1424 4533 5005 2888 720 5859 5364 772 7187 5006 2096 4170 3708 1225 1894 6662 1583 6048 6594 532 4690 2567 5166 4901 3284 5230 5423 1223 7935 4766 1873 2658 6029 1443 2035 2727 4067 1596 6670 3791 4184 7788 5814 5844 7963 1631 7830 3590 5391 2233 1814 206 7772 1236 6308 1269 4624 4470 6277 2141 7536 1561 2277 2798 5979 3383 5952 4134 832 3926 4356 3422 4300 5690 1336 1261 3474 2067 2556 919 3391 3181 790 1907 4257 2417 3874 2770 2615 4797 3974 1210 630 1867 3829 2948 6026 135 5586 195 1030 1463 778 488 4567 6051 514 3649 7529 3399 4267 3653 5077 3072 7244 5355 5164 6881 231 2408 471 869 4503 614 2114 177 631 5770 2179 3051 3093 7186 3315 7098 6549 486 5309 5474 5657 6582 4708 6406 5997 733 7438 1959 22 1947 2719 546 4661 696 2275 1736 3026 3298 7573 1725 7649 3869 1837 5813 959 5428 6404 3519 5993 1038 1479 3631 4229 5068 3911 4570 3059 7744 5173 7485 3593 5071 187 4282 5076 3323 3715 5019 1214 1148 4540 4021 5175 5774 792 6947 2920 6771 6490 4786 5597 3365 2587 906 4283 290 3871 4801 7164 311 6752 2428 7250 1182 3483 6622 3838 5706 2739 1002 1733 4876 5984 907 4591 1070 401 5232 2860 4949 716 1800 1832 2986 6795 6244 5013 6925 2419 283 7188 2058 4573 3951 5989 4072 5780 1921 578 1032 1023 4098 5508 799 7601 1167 2799 3671 4497 1916 6096 5773 6018 4936 3605 4092 3812 4397 4493 234 698 7630 4737 1074 3388 5758 7190 2155 6370 4970 5372 2365 516 2814 6920 3033 1986 3372 3168
Route 3: 5833 6464 6451 2469 5022 3137 1689 3158 7443 6214 5444 4665 315 255 4323 6186 485 3102 3992 766 7290 3368 6469 1485 1396 4406 2206 4589 5134 6424 5978 5798 5829 1095 2610 2256 4685 1206 7249 7749 4823 4180 3913 314 7306 1076 2773 4822 2583 3552 1742 229 5528 2287 252 76 1439 7080 4943 1724 4598 7796 279 2497 1778 240 379 1570 4372 5135 7477 815 6360 447 4012 7906 4206 5003 7869 2116 6884 3524 7198 3863 4486 2544 5267 5021 5118 4851 6790 6160 5620 6395 6711 281 78 7789 271 6625 2363 5203 3884 3898 2661 7163 3630 4831 7626 5752 2401 4917 5405 2715 6633 2098 7553 891 7035 8000 6073 804 4373 5956 622 4375 7607 903 6812 1395 2164 5093 5425 6855 5431 5353 6583 2321 7178 7653 1519 2535 3343 7762 5725 2904 6682 4763 1556 1699 1 6187 4056 7797 5555 6376 2230 7702 6410 5030 4833 2165 2797 2081 3101 3450 1224 3920 4839 7215 655 2006 570 5708 4362 3489 5066 4772 3721 3075 4305 5196 3061 2997 2375 1568 2214 7974 5612 2161 2760 7027 3274 6121 6429 161 6708 308 3528 2075 918 7051 1577 3407 1589 5727 4608 2508 7641 7872 1758 3415 1431 1226 2498 4066 3442 6314 2882 2103 1454 5963 4502 7638 1896 4972 1767 1763 3041 1847 6455 6423 2957 1359 4779 1258 3606 2763 4032 2766 1527 5255 5201 2425 5271 1018 4509 6157 2282 7870 7510 4948 1415 4996 1189 2534 5591 6064 3526 4812 3691 3729 5656 123 1611 4162 2270 4813 6788 238 826 4603 1005 4253 4855 5501 5090 3700 7273 4676 3424 4614 3179 2009 7623 7841 1912 2276 3720 6369 2887 2203 693 1313 474 586 1555 6447 3064 3562 6128 2595 2140 3231 3798 5581 6019 7848 1506 5102 6362 7622 5599 5906 4156 3821 4541 3657 46 4634 3050 5525 4663 389 4791 1073 2993 6041 5497 6023 7240 496 2576 6763 1098 1945 7196 4683 932 7559 6145 1304 4959 7541 7270 5286 4318 7132 3344 3535 2795 1092 6606 4642 5452 7422 2756 1414 2285 707 4429 1015 2856 1143 3183 4344 6748 6558 2466 6453 5556 6697 6598 3915 4811 506 5343 7123 7663 5704 5146 3797 1483 3288 5213 1619 4189 2694 3670 7782 4929 3693 3080 5666 4782 1306 1572 2409 3437 7993 7340 6426 5823 4091 1259 274 5085 18 4412 664 4534 2018 7544 2339 2433 6103 5374 413 6973 2125 5113 1425 5199 7356 4861 7864 5020 6188 182 3058 7943 3421 288 3238 5874 6364 975 1663 3398 1802 4612 1308 7018 2048 2546 261 350 3187 5098 5895 4620 7725 2255 9 3477 3494 1128 1771 5860 5042 4135 5318 6255 7039 3023 7915 4993 7705 3416 4179 947 670 1430 6258 225 5278 1954 2820 3986 3578 5712 1374 544 7891 4099 6294 3373 4272 4001 7666 1695 5253 3936 4814 213 5039 3585 451 4898 1843 913 6124 7204 2029 1692 7794 7062 2978 3626 592 2718 2536 788 2345 224 3370 6774 6028 2358 3711 41 5912 4552 1208 7721 4368 948 3848 3924 1546 4109 345 7307 2298 7361 153 822 3900 5037 7690 5585 1721 1498 421 5552 6757 4039 7505 4863 6299 5524 5564 7692 2606 365 1367 2477 4962 2541 4602 1972 5231 6905 3777 2725 2426 2599 5447 4158 5969 56 4405 3665 4476 2036 6062 7256 4454 6927 4785 4973 6504 2905 4632 3037 3982 6465 6915 880 4176 5602 1178 3773 4992 3009 3021 5580 5133 3947 3701 266 305 7669 934 2803 7031 1571 859 1351 823 1461 3744 833 1860 4678 7591 3247 7933 344 3192 5459 3328 1438 946 4147 7494 978 4880 6180 6690 3420 5937 7315 7894 6169 3698 4699 1920 6027 1464 1188 3031 7530 1362 4765 1175 5642 2152 25 1505 1677 6380 595 4551 3551 2478 2605 3062 3503 1957 215 1533 2811 3148 3611 736 1903 1710 3663 6754 2513 7470 4026 2815 5788 7988 6538 6913 2659 7681 3895 7414 7192 75 6805 6509 7500 7944 7002 2972 663 5917 6444 6484 872 5466 4186 3997 3771 1744 5696 2672 7261 7168 7689 2699 4941 738 6068 5417 3049 2338 6170 2938 7009 3678 380 1517 139 1122 4460 1346 5280 4457 1358 5369 879 5683 1237 5554 1398 4751 566 3674 4483 1462 728 2593 2614 3877 6637 1551 4443 7211 4639 7489 6012 6483 3012 44 4884 2454 6871 4255 4775 816 7159 3549 7158 2393 1435 7766 1805 4655 196 2377 108 1584 326 1652 27 254 5311 7427 3136 901 7549 3989 4927 7927 6993 2998 6486 1780 581 2859 1962 6192 4426 6984 355 386 672 7833 5248 576 648 5436 293 6148 1334 5819 3512 7995 7579 7815 6559 518 6679 6211 4045 4520 1102 6796 4402 5330 5778 4299 1646 2031 1450 2500 6550 3966 347 2660 4071 2364 6232 1729 7255 987 7227 7491 6722 2805 453 3603 1410 7355 7911 5061 1594 7322 5233 7709 835 5209 1353 233 203 7328 2095 2625 188 4529 7398 3887 6470 6341 954 7147 4965 5359 6859 2758 3338 2173 5831 3815 1085 3371 3110 3134 937 1123 6363 1046 3047 3801 5362 5487 729 547 4733 7179 2989 7272 824 640 2609 4462 6286 5350 7534 6412 7816 7095 407 4686 7140 6162 5460 2879 2243 7736 2962 1451 7631 4749 3396 3155 5695 4055 5292 479 2120 774 2253 4951 2943 4578 3266 2822 1600 2493 2553 160 5439 1239 5611 7670 7275 2788 7451 6061 7116 1115 4292 7112 4649 4950 6006 5542 6988 7914 7693 5044 4920 5964 66 4711 6931 6305 7652 1539 2767 15 5562 4089 2309 7046 4304 537 6804 3727 1335 4978 131 4784 7247 2023 6138 1107 3827 5435 3032 6565 5667 53 3346 5735 7533 7382 5179 5184 303 3765 7907 6074 755 2523 4207 2394 4137 7765 2726 2871 4472 7068 1649 1842 7093 5441 5953 273 1486 6149 2775 6943 555 4795 4564 6422 3096 952 7394 3088 714 3180 5777 561 1516 1204 2848 3359 2283 4904 7283 571 6496 3327 1079 735 7396 7520 3157 3105 2566 7759 1150 6493 6730 6643 1169 7989 5383 2413 5988 6994 2842 3572 3294 742 4436 5126 6664 5366 4370 5538 647 2643 87 180 5496 7120 1650 6584 445 2693 6889 349 6977 7929 3185 6873 2862 5482 1006 5812 7024 5314 7511 7452 2201 5711 5700 7811 30 2924 3620 3761 7865 6678 6981 5088 7100 2025 2405 6072 1427 6674 7172 2596 218 4339 3403 5356 6526 2229 6500 2013 1510 4465 1528 5188 4867 5835 3358 7243 5962 3378 6365 5632 6540 1078 6454 1705 5224 3221 171 6733 1690 7233 2838 3834 3132 2288 2483 4897 5138 7694 4727 2697 6704 5806 6250 7855 4313 4352 1256 1173 6140 3576 863 2584 7790 4826 5048 7449 3491 5899 3337 708 2826 7077 2046 6310 6166 1329 4716 6163 5206 4303 1696 524 6173 2105 4514 6301 7750 7269 4485 7751 2585 5995 2087 5315 4550 2939 2512 1051 951 61 7259 5244 5794 6608 4321 6024
Route 4: 6628 7289 4080 5884 3265 5516 7521 490 7387 3536 5983 6503 6617 2900 3705 6202 5317 6127 6267 4227 7157 6940 5418 3580 7613 1732 3162 6945 6620 35 1887 3994 2331 5463 6326 882 7600 4467 6433 3533 4121 2955 4592 3961 5243 2664 612 6252 166 2528 4238 5112 1408 7850 2439 5715 1390 3507 6666 3462 5968 186 3347 1830 953 7232 2397 317 4 4247 1688 706 7468 3650 5154 1028 1899 6059 4933 4819 4020 3246 7285 7136 5922 5379 4456 4416 1681 4888 6574 4670 2846 4407 6036 5748 1406 7710 6851 6489 685 1784 4027 3028 1704 4219 4083 1000 2579 564 6875 7998 5440 2701 3857 5763 7739 109 4005 1163 5687 6264 3845 7467 3969 3326 3968 7538 992 210 5259 4197 3516 6054 543 5522 7776 6236 3972 2800 4260 5805 7519 2677 5339 5176 7184 7660 7753 7735 4198 591 7972 3783 4522 6414 970 6648 3239 295 7763 7130 4160 675 5279 7733 627 5110 4224 2476 7890 3329 2577 3880 246 4815 2406 3425 4847 7107 6706 7462 3336 1813 29 4060 2139 3618 7882 1055 1623 3440 6430 6937 3017 3016 12 6343 6485 1047 6091 746 6079 4028 2216 4619 6284 4054 5606 4439 5410 2472 2671 248 6358 5650 6133 6853 5661 6122 3350 4492 5144 747 4623 151 1991 7985 7858 7959 6198 1081 1043 5363 4118 3774 7786 7814 5078 1833 128 4252 7433 6512 809 3935 4511 2481 1970 5406 6058 7949 6154 5689 6880 6892 269 2638 7657 7220 6972 2127 4787 3760 4553 176 2983 694 6231 1708 5182 1192 316 146 1104 2043 2278 4873 2708 602 1194 4150 1021 7403 3563 3281 5836 5433 494 5023 5967 4660 3719 6516 301 1310 7892 6511 5950 6958 5047 1969 5970 5252 3482 1072 2649 3964 3560 7770 1838 5109 1960 5380 226 7672 1426 4610 4571 5305 4808 2145 7203 1952 2368 1518 7152 1839 1993 6017 682 6333 2021 1858 3255 6809 7722 7982 6597 5320 7728 1054 979 3225 5517 26 6721 5549 3897 5326 6203 4627 2312 2828 192 4040 6874 5228 2257 20 2316 3973 4505 7522 562 807 2086 7234 5393 6152 7923 4597 6271 6449 958 7752 6439 54 5301 1666 5609 429 3318 6273 5890 5905 2683 4004 4140 7421 3995 847 5026 4417 3686 3214 6742 287 4478 704 371 6569 805 6755 3381 1293 2868 1716 4877 3170 5163 3805 5558 3460 5254 4846 2518 5388 7229 4290 6407 1793 6107 5935 2935 1288 7936 2757 320 5707 2134 7550 330 2135 2336 241 4171 5633 6822 7609 2485 92 5327 841 5575 405 6055 6932 4732 2398 850 237 3659 7319 2936 996 6827 3215 1142 949 7142 3159 4421 6087 4734 7620 7321 4535 5610 4073 4342 4430 6817 4875 7889 3287 7719 1481 6260 4288 7612 6523 817 2360 7774 6764 3645 2692 6442 6553 7010 3131 4906 4746 1979 130 3292 3066 1609 6197 1387 5106 3104 890 710 6098 856 331 1914 7332 5891 751 1241 5491 779 7492 7846 7720 4995 7912 6640 4860 1493 5322 6502 3279 2821 4868 7213 5307 3311 3296 5276 2780 5386 70 6514 423 6216 2515 336 2688 3614 219 2473 7516 944 6669 5547 1552 434 1995 6222 6556 5489 4990 3717 6171 3609 5847 3660 2675 1576 6053 3731 1216 7593 2420 7940 7413 7598 7585 7420 6686 1144 1393 1324 6716 2722 4759 7575 1172 1196 2985 1171 1091 2923 7926 6319 3929 5263 7295 3254 7807 717 860 1279 4215 3196 6939 6792 888 6038 3758 7028 6807 68 3094 921 2850 1968 5376 2387 7212 3045 5050 5578 6304 2168 4729 341 1775 3018 5091 6676 5205 1811 7875 7707 5082 857 4517 6894 4922 7646 695 7795 1509 2172 50 7418 1185 5167 5717 5681 1477 122 5321 4498 855 2051 2177 2209 1114 6794 4821 1625 5920 574 4100 5875 5775 2424 5479 6777 6770 4437 4942 1982 2747 3894 5809 6261 7687 676 2656 5306 6425 3141 1512 5972 2247 3369 7577 609 7954 5767 367 2730 4258 4910 3965 7156 5420 3003 7746 2852 1750 3896 7036 7391 7587 1201 7199 3627 1856 6340 362 6693 2148 2448 893 4820 63 1836 5955 285 3431 5759 5344 3943 669 2529 2022 4778 4693 5127 4954 5465 775 5312 945 4789 5470 6015 3301 3040 3314 6840 5845 7155 244 1612 5898 3555 4928 5710 4544 4542 7335 7560 5954 4297 4696 4983 3654 5990 7757 3496 3446 1900 7896 4265 1361 6784 654 1033 5328 4507 378 3330 1295 6657 560 2854 1117 5471 7435 6723 2039 6438 6588 2484 956 5557 1706 3514 2447 3587 849 5728 6117 7406 3426 7799 1824 1301 5357 2041 6116 2873 7091 7389 2667 2929 393 1746 1550 6585 2378 4515 2933 1129 2286 4745 6120 3076 2030 5260 3669 6715 6136 7840 3955 7228 3232 137 6003 4212 6673 1031 3675 1131 6004 6844 7678 5960 5181 6793 3133 3320 2746 4448 5830 6737 916 5887 2174 5928 6348 7230 7370 2777 6346 7773 5462 1590 2906 6109 2272 2745 1997 6936 3615 7518 5639 5010 5368 118 6050 178 6462 6707 7106 4532 2582 5981 175 7925 4684 2634 1268 1835 1405 4142 4736 610 4546 5160 7831 7358 6675 2418 3161 6251 7214 7042 5117 998 3363 6858 7431 1769 4695 3553 4743 14 487 250 7337 995 4647 3273 5153 6922 7685 6090 7557 980 889 4501 4837 5104 5694 3130 6466 1277 5821 4302 3317 3291 6253 1100 6841 6146 5371 3427 5526 5987 7771 4524 232 2611 7578 89 3073 4538 47 5481 5623 3151 3927 235 2294 4296 2178 794 7288 3413 2881 2328 1888 2885 5559 3333 2637 4153 3661 1152 2663 1036 765 6901 1352 687 4081 6016 3695 6923 3617 4810 5754 3300 6604 2187 7236 7523 3690 2684 3202 3465 3236 2926 3098 3652 4997 7540 7564 697 4757 4033 3004 4203 5193 327 3840 5065 3433 3119 7583 7061 6982 2619 3283 1250 7021 4719 7294 577 72 2598 5089 5500 3473 3190 7555 5194 7793 7967 7128 3517 6787 6076 4367 1355 1783 5323 1191 3739 5370 481 528 4921 4506 4256 6745 6397 3865 3324 4915 5195 3730 3078 7919 7768 3022 4006 7883 598 1040 5948 484 4971 4484 5868 7913 2136 1786 3531 1160 4360 2801 3498 2769 4395 3392 6661 1254 3384 6106 1397 6698 5145 4477 681 3737 4908 5916 7636 666 2453 4845 6983 4519 5716 4294 4065 191 1417 446 3453 2430 6552 4401 721 4404 3930 6357 7447 3057 1369 5204 4129 2117 2588 1084 2971 7876 7868 7732 5079 4202 2250 3353 5816 6869 760 265 3794 7918 2143 6070 2240 7402 5566 6799 3860 2175 810 660 3405 4084 5477 2192 1524 5012 4799 6898 1003 4645 6877 4376 7121 1588 5430 1470 5035 7016 7309 4278 7486 3081 6044 4480 4748 4755 1363 1653 3566 5284 3912 2049 3909 2388 7241 6525 2980 4883 4330 1722 739 1925 6767 3156 6759 2533 1574 2170 4391 1418 2624 5424 3034 6941 4393 335 4030 6052 450 6687
Route 5: 3290 4266 5975 4146 7246 319 2111 2824 2618 84 2271 6631 6580 5492 7977 6744 1452 3962 1879 7597 7879 492 6902 1202 4891 1371 1761 7040 925 7543 7453 7962 3278 6831 4046 1895 6626 5150 64 4527 6356 1809 7037 1422 5454 7330 1764 2858 3492 871 3035 2886 4155 6403 638 521 2068 3841 4513 6914 3224 3644 5863 364 2903 1401 886 558 7472 2670 3864 2691 597 282 6463 741 6916 6389 6472 6283 4335 6878 1680 3335 3658 950 6961 1990 5749 6158 7726 6254 4232 5449 6069 2054 3429 3780 5901 4496 508 6887 1859 1052 6683 5347 4770 6329 5308 6181 4887 6910 4349 7635 2266 2901 5249 3203 7430 5531 6100 5849 2735 6013 1926 3817 2557 4894 1942 858 2547 4382 4981 5824 6547 6975 2492 2899 1718 458 6533 1881 6086 2061 2052 6176 6084 193 4488 359 4500 2895 7619 2399 4953 6935 1101 3574 527 3015 4309 3502 299 1274 5051 3916 1020 3138 2964 4102 5257 6295 361 6789 1168 7397 1943 6115 7651 6344 7287 6478 7928 5858 5856 3243 7675 3472 6494 4447 4581 6374 5115 2602 464 3024 6355 3046 7509 2465 3537 2027 2728 7110 1565 580 7231 6701 6080 7832 5025 842 2113 3752 2015 2635 5669 1264 2578 1501 5919 2949 5092 3245 5674 7369 7331 6431 6474 5472 6718 1927 1621 3776 3938 7847 7066 7983 1513 905 3941 515 4658 5676 749 6891 3244 6591 5684 7688 639 680 1263 6477 1889 6303 4609 5811 173 671 2912 383 3689 1640 7645 6066 6375 1508 5702 2705 5737 510 2055 6419 6963 2097 4957 1273 7218 5345 2317 1437 2633 7950 4586 1244 3643 4018 6562 6233 7473 5329 7904 608 4935 4857 762 2937 6870 2004 42 6587 322 2207 4449 2119 3781 7941 813 124 1977 3684 7025 1891 6108 758 866 1413 4348 821 2525 3638 7081 854 1063 2150 796 2520 7060 6566 1001 5221 7310 1126 731 6717 523 199 6775 3319 5197 4526 2423 1521 5924 2356 5677 4378 1176 4633 530 7877 1197 2496 6579 3668 4254 3702 5178 4659 7264 7632 7329 2395 6243 7881 7844 594 2919 2326 6854 2273 7175 3677 4530 1641 227 2366 3682 2968 7930 4758 6311 4366 3111 6191 4968 2353 6316 7075 1714 525 2712 214 874 1949 3754 6229 7058 550 6882 1788 5467 292 2970 7362 7339 4410 2464 4398 3484 5838 6228 7278 6114 6184 5502 4306 1989 7428 7092 7045 442 4668 2435 1573 1747 6331 1419 5957 4237 7425 3435 4107 7588 6903 6731 7320 1882 6749 6328 1541 2260 3799 3332 1816 6911 1890 6259 318 4400 3163 4742 7459 432 2074 1305 1806 4383 1332 7193 4122 7399 2552 6529 2369 2910 7223 5965 3029 4916 353 4832 1042 6361 1291 5826 1534 4617 798 7947 5655 6094 4139 4231 4409 2909 3027 1140 102 6390 6691 3485 4019 7304 48 2348 3598 3907 6729 5923 207 5939 7048 4565 3960 6392 5795 4310 1035 7984 1323 4999 4093 5903 3766 1709 467 6965 5671 6480 2890 1377 6256 6338 7308 5081 5043 2362 5261 1880 3568 6531 6602 3588 1543 426 1717 4562 4800 989 3813 759 5686 7997 5855 4024 1174 4547 460 2383 31 7442 2382 3977 2372 7817 5603 183 1820 7432 4442 5111 6459 476 2154 4536 4490 5785 7886 100 5157 4947 6077 3950 7352 713 2431 623 6039 2102 4629 2429 7376 6209 6088 6458 6586 1265 3770 2303 4991 7924 6436 2749 1776 3873 2188 2100 3998 974 3235 4644 4934 5148 4628 5520 3862 7020 972 2748 1971 2219 7903 4662 3981 6318 4793 5888 312 3449 1294 1345 3625 3971 7980 74 7784 652 6663 709 86 5300 5534 1229 5658 2984 3495 684 2034 1412 2772 3918 5137 60 2104 2545 6035 5740 1187 3493 6592 6896 2791 5352 1557 4637 5546 724 4361 120 2776 5495 376 4131 7590 6097 5250 848 7141 7412 6189 88 4717 4385 4365 7015 2653 433 3910 5275 6287 678 6312 5294 6890 6448 4105 940 129 4838 6351 4913 4413 5750 1756 5607 1635 1480 4275 3360 5832 3716 7803 658 1433 5218 6642 404 4167 636 7012 6761 1711 922 4340 2806 2574 94 4730 4008 504 4718 4411 4333 4977 4347 5873 6345 2682 7105 1602 613 4388 2449 4885 3154 5094 6930 80 2441 1950 1719 5469 1542 6371 7108 3762 2601 2239 7114 7921 5014 3525 2083 107 3996 6656 2916 645 4672 7284 3822 1922 6954 2829 4667 7318 3260 2076 1691 2841 7616 2118 1066 5618 3666 1270 6791 3166 7444 1309 620 270 6239 756 6290 1639 3379 1825 2558 4053 3881 4925 1657 1243 3210 6564 568 3706 3975 5664 5506 1676 5365 3223 3751 2458 5726 6021 6247 985 4849 5049 517 4669 7769 6234 5040 2930 7299 5116 3199 1803 4986 6651 2764 4495 2592 4652 3476 5926 5333 6746 5008 768 1791 1327 2759 4636 688 2874 6786 77 5142 7011 7122 4725 6112 1525 5486 7225 2911 1442 4359 1121 6829 2392 5869 3200 3044 6872 3931 5601 3412 1343 5523 1318 4316 6125 2892 1382 5932 4459 4760 2238 538 4074 6224 1389 1384 3683 2517 7481 556 5902 3722 4482 7654 2884 1416 6639 615 6200 5651 7101 5986 5991 2954 1523 1385 4213 24 1801 95 5589 1466 1877 2189 1077 4141 7700 4905 2918 4418 2346 4761 7547 6545 4389 1948 3071 3 5663 6230 2254 777 4985 5992 4781 4138 1538 5840 1010 6416 5565 7311 6589 2709 5087 2359 1275 7828 520 2332 323 5945 4244 1381 2042 852 3069 307 3694 4932 6131 5131 2669 6969 4869 7506 2157 5483 396 6402 5070 962 1368 4245 2059 1607 7584 590 3886 7987 4982 5461 1911 2494 4554 5985 7344 3904 6418 5358 3958 1938 6495 2781 1137 425 6728 1669 1207 3858 4674 771 1134 4148 6560 3091 55 646 2151 7671 845 7371 6104 3892 7005 862 1849 7476 2843 4236 559 2851 726 1828 6488 2571 51 5427 7867 1090 1511 2002 2184 4940 1575 3466 5946 6161 7166 7176 5724 1157 5535 93 3561 6275 7149 2056 1136 7008 6619 3458 3248 456 2706 3852 5273 1366 3710 7325 4108 1939 4881 3826 3299 5649 2863 391 1400 3304 7680 885 7219 4788 7207 3952 1205 3786 7291 3713 5083 2908 5096 3112 764 618 5484 2630 1251 4120 7570 4923 6020 6956 6481 6734 2193 3128 3810 1553 593 2171 6541 7812 7257 4771 7528 2181 4434 1734 4425 2832 2875 1290 4175 6043 2678 2613 5268 4041 5843 3339 2079 3253 3115 7849 7461 4048 977 5245 2305 7487 6879 1757 6063 1370 5779 1624 119 579 691 7961 7385 7960 3673 1955 6769 6210 5837 369 2645 2011 7497 2569 7423 1728 5387 2540 7479 6263 1868 2876 1530 1141 7683 4351 1702 3211 1071 6699 7129 1964 5734 3854 1547 7445 1658 4829 6384 1857 2195 2603 7714 3208 1629 1782 5174 6970 7951 4858 3901 5803 2507 2568 6838 1053 1468 7503 7819 4842 5744 1866 5303 4050 2915
Route 6: 4844 5384 3712 3107 5852 7946 7014 2361 1103 3195 5185 3948 3497 3959 7177 3806 1484 98 3216 4694 32 3469 5745 1133 4163 1908 5772 4327 4262 40 7032 1760 5331 795 7826 1549 4059 3048 3448 6897 4852 7713 6262 6720 5817 354 6249 5921 1420 7517 1180 4225 7055 1994 4115 4047 3949 1592 1193 2064 7085 4473 5804 247 4264 5200 4286 5404 5519 5349 3008 6845 1026 7069 6653 2629 3704 3976 915 221 7871 7094 4117 3113 5287 5729 2318 2470 1034 2967 4653 5015 7345 5490 583 5668 4521 7202 7280 6427 7338 3251 2347 7004 3060 1230 4013 7853 1930 6778 3143 3835 6681 853 7245 2085 2524 7455 7637 5212 7801 3775 4034 997 5638 7618 6544 1057 6957 6797 6366 7791 6428 5129 7565 4143 2580 4724 4979 2724 3990 2519 500 1992 6279 943 4601 7201 7343 2 1670 910 1147 2279 3819 1580 3390 2738 4396 711 3397 7885 745 7563 5765 6185 4912 5034 1980 6450 5675 216 6367 5604 993 653 6487 3305 4744 6694 4317 4174 3385 6272 2070 3903 3570 4579 1598 3468 3436 6182 363 5375 2226 6978 6692 6206 6836 4834 3000 3146 6046 2808 2489 2215 6060 6554 3622 2581 2639 2975 5504 1097 7895 4095 6190 7576 3842 449 1299 2374 1915 4980 4201 4752 5545 6179 1545 1951 140 2315 557 5121 603 1892 2506 2404 6215 1139 3121 3447 1337 1834 7880 5871 284 5776 2340 2231 2802 1065 2047 2132 6860 7033 2185 3867 4023 3748 2979 3709 2149 6726 5886 2199 3408 4593 1050 2754 3310 136 6609 673 5238 5660 4702 1564 5409 1633 387 5996 3481 2241 1630 617 914 5480 814 2640 3818 7483 3395 4807 4518 3779 834 2208 2259 28 7854 3676 7109 7561 1940 7217 5529 5413 439 5640 7574 4228 5270 4790 4471 1111 16 325 7191 334 7378 7556 7971 5872 1149 1434 6394 2794 3268 2129 5400 1392 2077 6298 3423 7596 6976 3129 6238 2853 4914 7542 99 2681 4864 4424 7994 4337 2008 2490 6420 7019 5004 2573 2542 2237 643 3575 5966 1429 2927 2836 6513 5478 463 926 1601 1863 1491 4701 2066 7595 1526 641 2302 3175 1448 3953 5207 1674 3144 2914 302 5648 3289 3823 6950 1815 1790 3681 5434 3594 373 7761 6912 6300 5493 7165 204 2655 7827 7151 5190 6724 1965 13 6291 4068 212 189 6381 5841 3928 2115 625 4739 7237 800 7594 4403 2501 1317 399 5397 4204 1348 1620 1595 3547 3778 2456 2235 7464 4566 784 370 2526 3077 5682 797 1341 6007 1933 2142 83 1108 1474 1848 7589 5392 5693 4582 7888 1349 4419 2480 7703 4461 5097 1245 3439 2626 7777 6600 4336 1494 101 1489 5854 6614 2762 6713 162 7948 4549 5293 3430 1643 2807 5908 2121 1885 4890 280 1217 397 5761 7986 4841 6992 3249 929 2190 2840 5913 4835 6964 2471 142 7429 5907 4528 743 806 2785 4386 7813 480 5808 7071 2779 5733 7634 1869 7839 7605 587 964 3734 2539 428 7003 2094 2765 1906 5060 3257 7604 894 1285 4469 665 5515 868 5313 1749 3118 6491 5865 5456 7552 3937 6139 5107 619 2559 5846 2391 209 5652 7938 3944 3377 6581 6908 3672 7251 7293 7305 1664 5691 4656 3685 7490 6082 7205 6575 6906 2352 2373 5536 7568 4428 2160 5577 1460 1638 7586 5063 3382 1045 38 4377 5613 7410 1457 256 1213 7327 5046 1200 7346 1154 4681 1817 5499 1554 7302 5654 1455 478 5796 6110 644 2700 1289 466 773 2251 6382 2752 3393 4182 6946 4809 7417 7866 34 8 2992 1931 1407 3556 1124 1937 1796 4671 5839 2907 4390 2623 3457 6456 7820 6385 7545 149 2385 702 296 6959 4271 2106 7628 2252 4964 6921 1902 3732 3092 941 5853 1156 4112 2204 1378 3785 2597 2248 144 2124 3635 4599 942 6766 3699 384 1019 3280 1765 3830 4221 5450 5998 2982 4543 5579 4387 1845 1186 6542 7991 5103 465 4127 6497 6196 4651 4713 2038 5629 7582 3262 5028 2133 3680 990 4650 1934 1170 4384 1372 7535 4976 1831 3664 3508 7822 3510 1918 1872 7097 6506 7277 898 5291 2565 5801 607 5977 4956 5346 967 846 5202 5864 6842 5029 2220 7400 2446 1402 3116 1432 896 3376 6571 963 1582 2896 6177 6405 6335 52 994 5033 1754 5933 2969 5170 6359 2319 7133 1665 4474 1932 7050 2224 272 5701 3380 2412 1686 7808 4561 840 2183 408 3851 2621 5165 3256 6868 2889 6909 4002 6005 472 67 6446 1851 2281 4794 3515 6850 5941 4078 6712 1854 4210 6629 3814 2849 6864 3967 7312 2284 4152 7456 5389 417 1897 4319 4085 230 4328 6627 657 5446 4277 6265 1316 5617 6837 1252 5756 7276 3651 4824 3229 6225 6132 2940 4166 6517 348 2265 6075 3832 452 553 936 2455 7365 4130 6689 7388 7806 1687 7691 1132 71 2350 2258 3053 3530 23 2274 3219 6089 1853 3768 6830 4172 5771 3956 4741 2197 628 7102 3707 1119 1974 2325 7174 5114 7474 5510 4967 5168 4057 4064 2267 5625 5122 4508 802 6010 1618 3789 4087 649 4422 3270 1365 3828 2169 5768 900 5851 4955 1865 2065 1785 499 1818 7366 2389 7843 4077 3802 7373 563 6863 5054 5422 4374 7496 6572 1058 3571 5730 2167 5799 321 3586 6971 2166 1956 4293 3011 5802 3825 6785 297 2564 7824 3207 5130 4320 5443 2963 923 5262 5282 1540 138 3241 2099 7611 535 7392 7945 4531 6747 4016 5064 1807 36 4675 4192 4273 1604 2205 3142 2020 7224 2414 5766 4124 201 3718 3309 6933 781 4952 1935 6309 7554 3125 7979 3084 6599 2742 4643 5742 4523 1161 787 1360 7054 7126 1693 2411 2554 3853 6159 861 7353 2774 6816 2063 3788 5124 1211 5236 5503 43 6313 7038 5976 6783 1165 6498 181 7624 4090 6199 6257 7835 7603 3756 5316 4332 3406 4164 3767 5488 5056 6821 7976 4618 7499 5521 961 6519 1515 6551 2269 2809 6638 2753 6040 4854 5396 7180 2128 3149 3824 3755 2642 2438 4853 5825 7562 6413 1694 3204 170 4326 6555 549 7359 3624 5219 4268 7650 3194 6833 3083 7252 3486 5074 3616 4145 4450 7297 6756 3313 6400 6595 6342 5119 6246 7131 2784 5732 6668 3687 2307 5453 3362 2662 6857 6033 7878 150 2953 7969 416 533 725 3325 7226 6696 7127 6155 6989 4274 6193 4354 1255 770 7160 222 3401 7078 2652 3364 3263 5266 4414 7778 3264 7072 1399 3569 5075 601 7738 4029 3389 6479 988 4291 7401 2575 259 1249 865 4870 4363 6743 3882 2951 6820 7334 6067 5910 5192 3582 4960 7758 2137 338 2246 4392 155 5721 5551 7466 2844 3584 3925 7711 7292 7426 4539 2516 4796 1727 6373 2463 542 6411 7931 1603 7313 1586 1354 5324 2704 2443 6031 3557 6948 7087 4223 4194 3596 5621 6835 4463 7996 7787 6280 1739 4606 133 6113 2200 3946 2380 197 4494 3939 7170 6460 6924 3103
Route 7: 1789 6194 91 4355 5132 1082 6324 927 5067 5338 7531 1086 6368 6349 4000 7079 6441 1929 6515 1004 3184 1282 1795 497 4738 1647 3056 1247 4572 6325 7115 6938 4096 2217 2543 4817 7154 5848 6904 7480 7103 1660 179 5608 1504 7195 2422 6226 5000 1684 5120 4998 1487 3885 6000 2673 1562 402 113 6688 5223 1476 7551 6999 4504 4205 6508 1651 973 4664 2586 6435 3209 3153 7377 7592 2355 4994 887 2947 3934 2509 2487 2112 6703 3478 3089 6601 5631 2837 148 6001 5147 3394 6537 4774 3612 5011 2156 262 5861 65 6 4427 90 1094 3312 5140 6611 4475 4806 3772 5936 1209 1829 6218 4753 883 7780 5857 737 106 2107 7829 5045 4545 4673 5395 588 7222 1068 7065 3539 1730 5537 3993 2680 4058 360 7363 332 2468 4731 7364 3633 6852 5289 3610 909 5336 3456 7262 4963 2308 7096 4882 6650 6144 4052 606 5485 2123 1581 3902 4110 4548 2053 339 6377 2504 6570 7513 377 7001 2990 2057 7063 3193 4440 1495 5265 2560 6440 3109 511 7975 3891 3623 6996 132 4924 444 5751 7169 1626 6315 4011 3206 5498 5574 2959 908 2044 5810 4114 59 5215 6832 242 4075 867 501 4441 3816 2880 1267 1135 5412 6654 3636 7181 7715 7539 4862 7667 2390 2703 4371 1272 5527 7279 3271 4101 7942 3726 3991 437 6811 844 1469 1428 3019 1884 7260 7804 372 6507 6134 6266 4878 6801 1841 2268 3322 7708 3259 2407 2069 4151 4555 4726 3945 3619 4768 4798 5904 346 722 2723 6330 2196 1459 3559 5297 981 1062 7659 1475 3334 6156 4276 4630 5125 6322 1655 5 5458 1096 5593 3277 5240 6636 419 7047 7235 605 2732 5815 6705 6646 1762 7135 3889 3696 6534 3914 2062 5560 1810 4187 4688 7955 1190 1967 769 5367 2232 3500 6175 7454 7834 4697 1567 3804 966 7643 1723 475 6660 2033 3428 7818 7351 5959 2891 1246 1745 4445 6762 1941 4840 6387 7639 3356 5451 4132 194 4394 5234 4220 2311 1458 507 4909 6083 3736 2434 2790 7515 4872 1242 3402 2527 6919 3240 4783 6848 5567 801 5310 3940 7281 5017 6928 4279 7873 2249 6967 2679 5183 548 4889 2163 1850 4958 4183 3908 1278 7524 3513 6205 3139 6645 1044 1878 3632 4635 7301 4705 2040 6219 4595 412 3647 830 3753 7748 5743 3546 1923 415 4208 6856 1029 6951 5172 6393 5518 7838 2088 1446 3543 3010 1195 309 7629 6732 4682 2883 2796 5550 6032 3844 300 2511 4750 7668 2313 519 1713 141 6049 2019 7296 236 5876 2771 7404 1379 6658 3126 1703 5880 6492 4177 2812 503 2869 3879 5587 3441 198 5699 1822 912 3790 4444 2130 2627 6568 7902 7805 7317 3970 5414 2636 3220 1560 6383 1022 5605 4159 2264 2612 7380 4939 679 2261 3227 1012 6695 2561 596 3796 4879 7696 7239 2090 3646 3592 1770 5239 2991 5155 2301 2012 6398 1238 7990 5548 6467 761 7684 6307 1685 7981 5800 5877 5645 3917 1321 7908 1037 3893 366 5561 45 573 208 6635 3275 6735 3321 6482 6237 5084 5018 1637 2344 7493 4017 2292 7900 3769 6603 6468 4144 6445 5881 4902 4435 5665 2743 6800 7139 7052 1569 2396 6386 4646 7581 5247 3419 4353 3628 7642 7658 3988 5171 2720 5588 1287 3160 7939 677 3759 1347 1774 169 6843 5927 1615 2351 3591 1162 1678 1808 1821 7740 812 6618 7484 4560 526 2965 7419 6739 7764 4710 5511 4433 969 2050 7209 6332 4128 7258 3604 1087 917 3308 427 2221 7282 3921 342 1125 3906 1320 1338 1473 4907 239 4038 1913 3002 1578 1998 5494 2590 5653 2689 7007 2402 7221 1548 1773 4338 3984 3714 4211 6736 5698 7743 3375 5659 4191 4937 2686 2702 4200 529 4242 7041 2234 531 4804 5646 7572 3169 2917 3331 4086 1069 1342 7809 1599 7210 819 4577 7386 3637 1632 2750 6524 6578 7090 1642 1350 3600 3267 6510 7436 6281 2001 3501 3467 217 4346 1777 324 2384 6195 7723 4178 2371 4615 6379 6655 4585 5544 3847 2563 5241 1228 5878 4588 5272 7699 4666 651 3506 3923 7526 6751 6417 7458 388 5099 6042 3205 5473 3063 6953 5842 7742 5226 4715 4415 7099 6034 2687 2024 3282 793 5334 4438 1488 3735 650 1507 4015 3662 7737 4756 7617 839 6702 705 6378 1673 971 1233 513 656 69 1648 6317 79 3859 7162 4850 7887 2861 4250 7393 7268 5943 2072 2186 1059 4874 699 4728 2334 1409 2945 6296 4723 243 5793 3201 3307 7802 1184 7030 2421 6772 2793 5747 4792 2462 1610 7606 3747 703 3068 167 4931 2783 7781 6401 1613 4270 448 1792 6101 4044 6118 895 4063 5705 5634 4587 5101 2902 6815 1158 7836 2162 3222 4764 2432 5942 2349 4308 4025 692 6888 1936 1465 6861 2089 931 3233 1984 3117 7463 343 6282 4380 7059 2532 4961 2110 6539 4190 4945 6350 5072 5670 5442 2641 7119 3348 7465 7755 2320 3454 3090 2786 5753 4859 6652 3367 1781 3746 554 1812 2460 2101 5573 5540 6803 6725 7783 1520 6105 5630 6607 2847 2502 3899 3728 2620 3808 2386 3532 7415 828 7044 6137 2376 333 4584 1356 4776 2600 2324 157 5105 1478 1827 251 1701 4988 7756 3883 4780 2835 2966 7507 3355 6151 7354 3667 2961 5382 6320 930 4123 6738 803 838 3174 5214 661 5139 5944 6758 2296 5889 5475 5892 4735 4284 4035 2228 4762 2813 3100 1862 7460 3849 3055 2913 6808 7970 3888 145 1307 4350 1987 2222 7662 5870 3640 1614 117 1840 3550 2960 509 4088 6573 7286 4692 6174 2213 4285 2845 5149 2810 3933 6201 5038 2300 385 4343 1118 277 5385 4312 4903 7138 1231 6773 3475 1715 5319 1566 976 4563 621 6665 1322 6337 877 3999 3833 4216 5016 7153 1502 7017 5394 4408 4125 5052 7137 3499 1905 6095 5290 2981 7920 4974 7501 7416 4574 3082 6057 5296 5242 5162 1975 1500 7745 2461 3164 5258 7341 3836 1339 4558 3218 1675 3147 3875 7271 156 5563 2816 3504 1668 7148 4777 843 1919 1441 3404 2370 5961 4802 1391 7 3589 7661 991 6781 7958 767 2379 3463 924 851 2898 5429 6987 827 5619 1248 147 1300 5457 3792 5086 498 5080 6245 3782 7729 3252 3542 19 3470 1996 4193 4369 4249 6802 394 260 7254 4239 6684 1296 2833 3595 6099 6150 5246 4259 7845 7471 2071 3793 1928 2122 4451 7053 6037 3097 5930 4827 7566 1017 400 11 7381 4596 414 1910 727 4287 7909 1864 2589 892 5378 1234 6009 7023 829 2995 1016 3803 306 268 3036 4181 6471 2499 7469 984 6473 5757 6235 2017 1113 5644 3013 6719 884 4037 3123 2146 4136 2711 7937 6415 2823 441 1871 1284 3980 4892 5539 2242 7697 4707 258 111 3554 2761 6505 5679 7580 2225 522 1232 2922 7676 2721 3639 2445 289 6886 1698 5468 1181 1963 1159 121 7957 1064 541 505 938 5361
Route 8: 3548 4704 7013 2932 1852 368 4222 3511 7206 4111 1061 4600 5541 168 2236 1679 1973 5156 143 7825 6765 125 7546 4871 3400 6567 1766 5643 1240 1983 6847 1227 4677 7145 3191 1644 3074 5572 2537 4489 3811 3471 1014 3167 5373 7197 5053 7084 1661 540 7512 7408 723 263 2343 462 4487 1445 5911 5216 1720 1492 6302 4235 436 2644 2731 2092 5073 7407 2707 3042 6457 2608 2931 1535 5784 5614 7117 1146 158 1700 6700 2510 4622 6168 3872 3599 4446 3505 1799 4848 6008 431 82 7905 5036 6321 2695 424 744 5180 5576 1105 7673 5342 5256 7731 5688 4479 5169 3434 7502 1740 7161 6750 5818 5883 6522 6532 5570 6527 6306 3868 4298 7242 2014 4003 3807 7253 7648 4987 39 4103 3509 757 2037 5058 58 5445 1978 6672 3745 5722 6213 4576 7614 875 4769 1797 4453 5637 3316 7747 267 3414 1198 7125 1009 6866 1794 3445 7067 4698 3234 3963 876 3124 4345 534 642 7375 6741 7144 2713 3724 1999 6047 4830 2367 5958 5095 4747 459 4281 4165 2676 7863 3186 5626 6780 6613 2403 1138 3983 7082 7022 5304 3558 5455 5973 3648 3242 2996 5866 5760 3697 3150 5792 5136 1388 3444 5900 6740 1958 4625 33 2212 6501 4604 2538 1482 1292 611 6727 4611 3541 1671 1344 928 3461 202 7146 3106 752 5229 2934 4900 4468 392 2628 4896 7347 6944 2994 1319 6153 7861 7333 701 3189 999 6671 7411 7567 3741 1235 1080 1654 2690 4149 6130 7323 3285 2717 7679 1222 1380 1447 3581 1514 21 5994 2782 6849 715 5208 3820 2194 1325 7724 1683 2818 7916 7842 2323 986 7457 7372 4248 1303 6862 734 4070 2819 1039 5867 5738 7910 7627 5590 1302 1127 1772 1067 753 3527 104 2442 7057 626 3341 6129 185 3005 4740 73 5929 1112 3276 2436 5999 4607 4334 6399 5731 3455 1179 3987 7111 3085 6615 1145 7263 5191 37 164 5947 6955 7956 1083 6011 1558 4307 7922 3014 7049 3743 3020 4116 5764 1212 7437 659 6990 7504 329 5934 3831 2073 6288 6641 5512 4631 406 3850 7548 116 4805 1537 982 7800 3114 5438 4569 6297 172 6991 2381 6142 1953 5592 6352 7978 700 6437 3613 808 3487 3464 3602 5789 904 5685 939 4079 6388 1731 6292 6242 837 7608 1024 7599 7775 1536 1886 7686 4399 7167 1276 5354 6998 4315 6520 825 1738 3861 5736 1328 7200 3188 1490 7973 358 286 4491 539 6709 2710 7779 7851 3173 7823 112 6085 2180 457 7357 483 5514 1798 4173 3145 3237 7360 2299 5407 5647 356 7439 2696 7966 2654 965 190 4289 1311 4364 5100 4311 2817 783 6985 2262 4691 7446 5582 3217 748 1151 7070 4773 5274 5141 4516 62 1544 2131 382 7792 7314 7043 2147 5217 7124 4379 575 6269 5915 2570 2668 2877 6659 4322 584 6002 5507 2335 3054 2202 7615 1281 2327 3544 5786 7621 7266 6499 712 3411 7741 2005 3340 1768 1088 5264 6846 7409 2333 3922 1164 1253 6530 7383 5069 3839 4709 4680 6143 6825 5220 1579 1007 49 2894 7104 298 1924 5807 1898 6119 275 2893 3688 5341 7514 5225 2594 4357 5918 4214 2827 1297 3269 2768 3749 4051 5894 105 3086 410 4714 1876 6336 1659 7390 4803 7194 2410 435 4946 1804 811 6354 6576 6276 3352 3978 5553 2839 1944 2958 2452 6806 491 1846 2495 6649 5031 3521 1333 3418 1109 4226 2245 780 1752 3784 2091 4331 3006 253 7727 3087 2440 5714 3629 920 4899 2789 3438 6561 1444 1340 7350 7532 4325 2646 6605 662 6867 2450 1522 3534 3417 689 1844 7189 1093 6900 1049 1472 2007 7448 2737 776 4984 6623 430 6123 5755 57 6918 4062 6644 469 7656 4930 1861 718 3127 7884 2977 4196 3120 3480 3351 4825 7498 4818 5882 81 1656 2548 730 782 2607 7300 7695 1283 5834 6164 1499 7856 3564 409 3079 3954 5672 632 3837 6926 7088 3763 6025 5897 5790 6667 1636 3545 6391 3038 5032 1116 2952 5885 3641 2647 5583 5421 5415 3172 7006 2082 5595 616 2263 3523 4556 3607 1271 3065 5982 1627 4217 2198 4590 552 5402 7324 6952 4969 4580 2280 6347 3297 5332 6293 2648 4243 732 1819 2604 2026 6968 1875 7893 6092 5914 6135 6768 3345 5211 1286 1375 110 3025 3597 1779 5062 4754 2291 2941 6093 1314 5598 6934 3070 1606 7395 4712 2227 5426 1110 7898 2674 5403 163 3197 2084 1616 200 1985 2632 3764 3386 3942 6323 1529 4886 7674 7901 1605 5152 4893 4097 2003 2987 6839 4106 6409 3043 2870 6760 3795 5782 5862 6865 1645 2297 4989 1697 2503 6278 1075 4230 6227 1559 3750 2650 2622 7798 2973 7968 3733 6528 3182 6289 6014 2427 7899 7644 2474 6461 5720 374 3432 7558 1048 1981 750 1874 7932 6819 6221 2341 7478 165 1262 390 5584 2921 2665 304 1312 3479 4126 3905 1440 6183 4022 933 1743 7682 468 4466 2878 6543 1403 2354 2572 6624 2714 5416 7118 2744 2108 5622 3919 7859 5177 1449 5143 2865 3230 2486 3540 7475 2093 763 2522 1755 4458 5398 7342 1219 955 2792 6798 6220 2479 3518 5448 3140 2950 6917 6685 5198 902 7150 4168 3979 1326 831 1917 4069 5828 3354 6590 3451 7860 1027 2834 2293 403 3228 4700 1436 1593 5186 2657 2925 2045 3577 352 5108 3295 3067 3985 6339 5931 5673 2459 4246 4510 5723 3171 5543 2144 3261 482 10 3529 7677 2475 3846 1712 6217 3957 786 3212 152 1008 3490 5678 2306 5938 3177 2329 1060 624 674 754 6814 4314 5762 4076 220 5159 6204 4703 1587 6779 1622 1041 5283 6885 3387 5616 3258 3538 6929 7089 4559 4926 5411 6893 6030 6078 7730 5850 2778 5820 740 2716 5797 1423 7488 4975 4240 5627 5351 3452 3656 551 2010 2555 5783 7999 3459 7754 683 420 6557 2685 5024 6248 7625 5390 2290 7821 5437 2182 454 422 2218 4031 536 7379 585 1751 4157 4341 1904 5925 7248 1177 2244 5594 4431 7134 3703 3357 7171 1682 6396 1215 7897 686 785 5222 4828 1357 6102 4648 5615 17 5697 3226 2482 6610 4911 6274 1220 1617 4209 443 2416 6165 2330 3303 1011 7349 5940 582 1563 470 493 7953 6353 1421 126 1726 5974 791 2467 6907 2591 7602 4185 820 6621 668 2825 5158 4301 6452 5662 5636 7441 7034 7238 6634 6172 7992 633 5769 473 5302 2740 2944 5739 4767 4568 3843 968 4133 1667 545 2138 461 690 3740 7664 2999 1909 4557 7717 5299 6548 5781 836 6147 7862 6421 2787 5571 935 249 5055 6949 6612 5325 2988 3621 6223 2505 2976 5123 2729 294 3099 4007 328 4014 4919 1759 7706 4654 7837 2872 4816 6208 211 3738 1386 7482 3366 6535 7704 1608 2304 6432 6979 6828 5624 291 3878 589 97 6883 2158 1130 85 3095 1298 1634 4358 5128 6521 3349 2531 4455 6826 6823 2741 3409 2562 7367
Cost: 9242.652
best cost: 9242.652
