ACO Parallel Starting with 32 threads. N=8000 K=8 Cap=1200
[progress][mpi] epoca=1 | epoche_rimanenti_prima_stop=99 | tempo_trascorso=0.9s | tempo_rimanente=299.1s | best_cost=15502.483
[progress][mpi] epoca=2 | epoche_rimanenti_prima_stop=98 | tempo_trascorso=1.2s | tempo_rimanente=298.8s | best_cost=15443.345
[progress][mpi] epoca=10 | epoche_rimanenti_prima_stop=90 | tempo_trascorso=3.6s | tempo_rimanente=296.4s | best_cost=15433.033
[progress][mpi] epoca=13 | epoche_rimanenti_prima_stop=87 | tempo_trascorso=4.4s | tempo_rimanente=295.6s | best_cost=15400.805
[progress][mpi] epoca=14 | epoche_rimanenti_prima_stop=86 | tempo_trascorso=4.7s | tempo_rimanente=295.3s | best_cost=15380.210
[progress][mpi] epoca=15 | epoche_rimanenti_prima_stop=85 | tempo_trascorso=5.0s | tempo_rimanente=295.0s | best_cost=15194.248
[progress][mpi] epoca=16 | epoche_rimanenti_prima_stop=84 | tempo_trascorso=5.3s | tempo_rimanente=294.7s | best_cost=14998.145
[progress][mpi] epoca=17 | epoche_rimanenti_prima_stop=83 | tempo_trascorso=5.6s | tempo_rimanente=294.4s | best_cost=14593.267
[progress][mpi] epoca=18 | epoche_rimanenti_prima_stop=82 | tempo_trascorso=5.8s | tempo_rimanente=294.2s | best_cost=13959.238
[progress][mpi] epoca=19 | epoche_rimanenti_prima_stop=81 | tempo_trascorso=6.1s | tempo_rimanente=293.9s | best_cost=13135.165
[progress][mpi] epoca=20 | epoche_rimanenti_prima_stop=80 | tempo_trascorso=6.4s | tempo_rimanente=293.6s | best_cost=12068.930
[progress][mpi] epoca=21 | epoche_rimanenti_prima_stop=79 | tempo_trascorso=6.6s | tempo_rimanente=293.4s | best_cost=11170.019
[progress][mpi] epoca=22 | epoche_rimanenti_prima_stop=78 | tempo_trascorso=6.9s | tempo_rimanente=293.1s | best_cost=10597.075
[progress][mpi] epoca=23 | epoche_rimanenti_prima_stop=77 | tempo_trascorso=7.2s | tempo_rimanente=292.8s | best_cost=10063.243
[progress][mpi] epoca=24 | epoche_rimanenti_prima_stop=76 | tempo_trascorso=7.5s | tempo_rimanente=292.5s | best_cost=9693.992
[progress][mpi] epoca=25 | epoche_rimanenti_prima_stop=75 | tempo_trascorso=7.7s | tempo_rimanente=292.3s | best_cost=9616.994
[progress][mpi] epoca=26 | epoche_rimanenti_prima_stop=74 | tempo_trascorso=8.0s | tempo_rimanente=292.0s | best_cost=9503.047
[progress][mpi] epoca=27 | epoche_rimanenti_prima_stop=73 | tempo_trascorso=8.3s | tempo_rimanente=291.7s | best_cost=9424.743
[progress][mpi] epoca=28 | epoche_rimanenti_prima_stop=72 | tempo_trascorso=8.5s | tempo_rimanente=291.5s | best_cost=9232.439
[progress][mpi] epoca=30 | epoche_rimanenti_prima_stop=70 | tempo_trascorso=9.1s | tempo_rimanente=290.9s | best_cost=9232.439
[progress][mpi] epoca=40 | epoche_rimanenti_prima_stop=60 | tempo_trascorso=11.6s | tempo_rimanente=288.4s | best_cost=9232.439
[progress][mpi] epoca=50 | epoche_rimanenti_prima_stop=50 | tempo_trascorso=14.2s | tempo_rimanente=285.8s | best_cost=9232.439
[progress][mpi] epoca=60 | epoche_rimanenti_prima_stop=40 | tempo_trascorso=16.8s | tempo_rimanente=283.2s | best_cost=9232.439
[progress][mpi] epoca=70 | epoche_rimanenti_prima_stop=30 | tempo_trascorso=19.4s | tempo_rimanente=280.6s | best_cost=9232.439
[progress][mpi] epoca=80 | epoche_rimanenti_prima_stop=20 | tempo_trascorso=22.0s | tempo_rimanente=278.0s | best_cost=9232.439
[progress][mpi] epoca=90 | epoche_rimanenti_prima_stop=10 | tempo_trascorso=24.6s | tempo_rimanente=275.4s | best_cost=9232.439
[progress][mpi] epoca=100 | epoche_rimanenti_prima_stop=0 | tempo_trascorso=27.2s | tempo_rimanente=0.0s | best_cost=9232.439
ACO Parallel Ultimate Completion. Best: 9232.439. Time: 27.188s
Route 1:
Route 2: 5340 96 5464 572 1486 6597 7982 1358 4457 5280 1079 3327 3359 2283 4904 571 7283 7009 380 3678 2685 1517 139 1122 1237 4505 2338 2938 6170 6037 7053 2316 3973 6496 6994 5988 2842 7396 7520 735 3572 3294 4436 742 5366 4370 6664 5393 2122 4451 5126 1928 5930 4827 7566 400 1017 11 5246 6150 6099 7271 3875 5563 156 3218 1675 3147 4558 6135 6248 5024 5390 7625 5914 2604 1819 6742 287 4478 704 371 6569 805 6755 1286 5211 5258 3504 2816 7148 1668 6802 260 394 1919 843 4777 3164 2461 7341 3836 1339 3345 6768 4243 2648 6293 732 5332 3995 847 5026 7421 4140 7865 3761 3620 7259 61 2683 2087 5315 4550 7100 5088 4875 7889 7719 3287 3686 4417 3214 2026 6968 7893 1875 6092 2290 3131 7010 4906 4746 7821 7936 6107 5935 2935 1288 4846 1716 2868 3170 4877 3381 1293 6934 3070 1606 6407 1793 4290 7229 5388 2518 5254 3460 1375 3025 1500 1975 110 7254 4239 6684 2833 1296 3595 7745 5296 6057 3082 4574 5290 4974 7920 2981 7395 3499 7137 3658 3335 1990 950 6961 5749 7726 6158 6878 3736 7281 2434 2790 801 5017 2249 4279 7873 6928 6472 6283 4335 4712 2227 5449 6254 4232 5052 4125 4408 5394 6337 1502 7153 5016 6278 1985 6323 3942 3043 163 3197 5403 200 1616 2084 3386 3764 2632 6865 5782 5862 4783 6848 6919 3240 1859 6683 1052 5347 1645 2674 7898 1110 5426 4230 1075 4216 3833 6227 6069 3429 2054 3780 5901 4496 508 6887 5567 4770 2527 3402 1242 6100 5849 2735 7430 5531 2557 6013 3817 1926 4209 1617 443 2416 6460 6924 3103 3226 2482 5697 6274 1220 6610 4911 1278 3908 2330 6165 4183 1174 7997 3303 5686 4242 529 4200 2702 4562 1446 3588 426 1717 1543 6602 6531 1880 3568 5261 5043 2362 6256 1377 7308 5081 6338 3376 896 4577 819 6393 5518 7838 2088 3753 300 2511 4750 7668 830 3647 5333 6746 7953 493 1195 3010 7629 309 688 6732 3543 2796 4682 2883 768 582 5940 7349 1011 2759 4636 5550 6032 3844 2429 7376 4725 7122 7011 2313 5486 2911 7225 6951 5172 519 5869 2392 6829 7667 1267 5412 1135 3816 2880 4862 7539 7715 7181 867 2100 3881 4925 2749 1776 3873 2188 4644 4934 5658 3495 2984 5300 709 86 6663 270 3379 1825 2034 684 5137 1412 2772 3918 60 2104 1639 5740 1187 6035 6592 3493 5458 5240 3277 6636 419 2591 6907 2467 5974 1726 791 2232 5367 769 2062 6534 3696 7135 3889 1762 668 6660 4301 5158 2825 7351 5662 6452 3428 7818 2033 991 7 4802 7661 1391 3589 1779 4754 5062 3597 2291 638 6403 5242 5162 5163 3805 5558 871 3035 2886 4155 1441 3492 2858 1764 5454 1422 1809 7037 5150 64 1895 6626 7330 4046 6831 7002 2972 663 5917 6444 7944 7500 6509 6805 75 4891 1371 3771 5696 1744 2672 1761 4443 1551 7211 6637 1462 4483 3674 2593 2614 3877 5554 1398 196 1805 4655 7766 1435 2377 2393 581 1652 7549 3989 4927 2998 6486 1780 5975 4146 7246 2111 319 6631 3290 4266 5492 1584 108 7158 7159 3549 1452 7597 6913 6538 7988 5788 2815 2513 7470 2426 2725 1879 3962 6744 7977 6993 7927 6550 3966 347 4402 5330 5778 1646 4299 1450 2500 2031 5444 6214 4665 315 255 6192 6984 355 386 4426 4323 6186 3368 5833 5022 1689 3137 84 2271 2618 2824 3158 7443 2859 7995 7579 7815 6559 6211 6679 4045 4520 2660 2364 4071 6232 1721 1498 5585 1729 7255 987 91 5037 7690 3900 822 153 7361 2298 7307 4823 4180 7749 7249 6148 293 648 5436 576 5248 672 7833 1095 2610 7179 2989 5978 5798 6424 5134 5209 835 7709 5233 6324 927 1076 1742 2773 2583 4822 3552 229 252 76 1439 7080 1724 5460 2879 824 640 2609 4462 7328 203 2095 2625 4529 188 7736 2243 7398 3887 6341 6470 3155 3396 4965 7147 954 2173 2758 3338 6617 2900 6503 5317 6202 3705 6940 7157 4227 6127 6267 5418 7852 3692 7274 3580 7613 2523 7374 3866 7767 3856 4195 6178 6167 4525 2549 3601 4640 5187 3165 5041 7640 1089 184 6240 6980 2514 3511 4222 1852 368 2932 4610 1426 7672 226 5380 4121 3533 2955 4592 3961 5243 612 2664 3964 2649 1072 5252 1969 5970 3482 4571 4808 6516 1310 3719 301 6036 4407 5748 2846 4670 5950 7892 6511 5047 6958 4467 6433 882 7600 1952 2145 7203 5463 6326 2331 3994 2368 1993 6333 6017 682 2021 6809 7722 3088 7394 2828 952 1858 3255 714 3180
Route 3: 7289 6628 7290 3134 1123 937 1046 6363 729 5487 547 4733 3801 5362 3047 4685 1206 2256 5829 4589 2206 4406 1396 1485 6469 3536 7387 5359 6859 5983 3371 3815 5831 1085 766 6451 6464 2469 4844 5384 2871 7068 4472 1842 1649 6334 5432 6212 7093 1383 7917 337 4432 4234 2755 6876 3573 5505 4687 5277 4263 2751 5600 4452 5980 1732 755 2078 1735 5298 6710 3135 303 6074 3765 7907 3107 3712 774 2120 5292 479 5695 4055 5435 3032 1107 3827 2553 2493 160 1600 2822 3266 4578 2943 2253 4951 5184 5852 245 3522 2521 1966 2176 2310 1453 6141 7424 4104 4420 6565 5667 7112 1115 7116 4292 53 2524 2085 7245 3835 5085 274 4091 1259 4711 6931 7652 6305 1539 2767 15 5562 4920 66 5964 4089 2309 5212 7801 7637 4950 4649 6006 5542 6988 7914 7693 5044 2018 4534 18 4412 3727 6804 4929 3670 2694 7782 5823 7993 6426 7340 3437 5765 4396 2738 3390 1580 3819 4861 7356 5020 7864 182 6188 3058 1980 6450 4135 3421 7943 6367 288 5042 5318 6255 6258 1430 670 7915 4993 1771 1128 3238 975 5874 6364 5675 1802 3398 1663 5895 5098 4612 1308 7018 2048 2546 350 261 5604 993 6487 653 4744 3305 2255 4620 7725 3494 3477 9 3187 5113 1425 5374 6103 2433 2339 7544 4189 1619 5213 6694 4317 5704 7663 1147 2279 2519 1992 500 943 6279 5003 2116 6884 3863 7198 3524 7123 4012 7906 4206 4811 506 5343 7869 7051 918 2075 3528 308 910 1670 2 7343 4601 7201 711 3397 6185 4912 2544 5267 4486 161 6708 3936 5253 7215 4839 3920 4362 3489 2498 1226 4066 1896 7638 5963 4502 7132 4318 5286 7270 1304 6145 3409 2741 2763 3606 1258 4779 2957 1359 3041 1847 2562 826 4812 3691 3526 6064 5591 2534 4996 1189 1415 4948 1005 4603 2543 4817 4253 5090 5501 4032 5255 2766 1527 4096 5848 2425 5201 4509 5271 1018 6157 2282 7870 4455 6826 2531 6904 7103 7480 2231 2340 5776 2802 1065 2047 2404 6215 2506 1892 603 3748 1795 1282 2315 140 5121 557 5525 4663 3050 4634 3657 46 6763 2576 1098 1945 2009 7841 1912 7623 7196 4683 4898 5452 4642 1092 6606 693 2795 3535 3344 451 2508 7641 1758 7872 4608 1589 5727 6453 5556 6598 6697 3915 707 2285 1414 6272 2070 1313 3903 2756 7422 7559 932 3821 4156 4541 2203 2887 6369 913 1843 6124 2595 6128 1555 6447 586 474 1143 4429 2856 1015 6558 2466 6748 4344 3183 224 3370 6774 6028 1086 7531 3184 1004 6515 1929 6368 6206 6836 4834 2808 2489 2215 6060 6362 5906 5599 7622 1951 4980 4201 4752 5545 1545 6179 4791 389 1073 5497 6041 2993 6023 7240 496 1647 7115 6938 6325 1247 3056 4572 3121 3447 1834 1337 1139 4738 497 5871 284 5608 179 1504 7195 2422 3153 7377 7592 2355 973 4664 2586 4205 4504 1651 6508 1476 6688 5223 4994 402 1562 6001 148 3089 5631 2837 6601 2487 2509 4806 5140 6611 4475 2268 3934 2947 887 2407 2069 7708 617 914 5480 814 3818 2640 6266 4878 6134 6507 3312 5485 4052 606 6144 3902 1581 2123 6650 7096 4882 1730 2308 4963 7262 6 65 262 2156 5861 5936 1209 1829 4753 6218 3772 883 7780 737 5857 106 2107 5045 7829 4545 4673 3612 5011 4774 6537 3394 5147 2112 6703 3478 1684 4998 5120 1487 2673 6000 3885 5000 6226 5660 1564 4702 5409 1633 3310 136 3867 4023 3709 2149 2979 3408 6726 5886 2199 1050 4593 387 5996 4388 4885 613 1602 7105 2682 6345 5873 6930 2441 80 1950 1719 5469 7108 3762 2601 2239 4880 978 88 4717 6189 6097 5495 4131 376 7590 848 5250 2196 6330 3666 1270 3996 645 2916 6656 4667 7318 3260 2076 1691 2841 7616 2118 5014 3559 1459 3525 2083 107 981 1062 6180 6690 3420 5937 3192 344 3328 5459 1438 6169 7894 7315 7494 946 4147 4365 4385 7015 129 2653 3910 5275 7854 28 2259 2208 3716 5832 3779 834 3449 3971 7980 652 7784 74 3862 5520 4628 5148 5534 1229 4075 908 2959 2044 6315 1626 444 4924 5498 4228 7574 2748 1971 6318 5888 312 4793 6896 2723 7444 1309 3166 6791 5546 4637 2776 724 120 4361 1475 7659 7412 7141 7921 7114 1066 5618 833 1860 5297 6954 2829 2803 7031 934 1922 3822 7284 6322 5125 4630 1096 6646 6705 2732 5815 1967 3914 3773 4992 1178 1190 3009 5560 1810 3792 3947 3701 4973 4785 2905 6504 4632 5086 4026 2036 6062 7256 6927 4454 4405 56 5969 4158 4476 1957 215 1533 2811 3148 3611 736 1710 1571 859 1972 5231 6905 3777 5564 5524 7692 4602 2541 365 2606 1789 1367 4962 2477 3062 2605 3503 4678 7591 3247 7933 4551 595 6380 7491 7227 4355 1208 4368 7721 948 4552 5912 3711 2358 1410 3603 453 2805 6722 41 7794 7062 2978 3626 2718 592 2029 7204 2536 788 2345 6441 7079 4000 6349 5375 363 6978 2226 2140 3231 5581 3798 6019 7848 1506 5102 6692 3562 3064 3468 3436 6182 1598 3570 4579 3146 6046 3000 1920 4699 3698 1175 5642 2152 4765 1362 7530 3031 5338 5132 7306 1082 314 3913 1546 3924 3848 345 4109 7272 7322 1594 5067 7911 7355 5061 5528 2287 3385 1778 240 1570 379 4372 5135 4174 2497 279 7796 4598 6162 7140 7565 6428 5129 4034 4784 4978 131 2023 6138 1239 5439 5611 2788 7451 7275 7670 1335 3775 7046 537 4304 3080 5666 997 7247 3693 5638 7618 6544 1057 7816 6412 7095 407 4686 5350 6286 7534 6957 7791 6366 7631 1451 4749 1353 233 2962 6797 3797 5146 3288 1483 413 2125 6973 2409 1572 1306 4782 3990 4979 2724 4143 2580 4724 6360 815 7477 447 1577 3407 213 4814 1431 3415 3585 5039 4959 7541 6455 6423 4972 2882 2103 1454 7367 3075 3721 2997 2375 4772 5066 1695 2760 2161 5612 7974 2214 1568 2321 4375 903 7607 5431 5353 1395 2164 7666 7626 5752 2401 4917 6812 1954 3986 544 7891 4272 4001 3373 6294 4099 3578 5712 2820 6583 7178 1519 7653 2535 6855 5425 5093 6187 4056 1699 1 1556 4763 6682 2904 5725 3343 7762 3630 4831 3884 271 3101 3450 6625 2363 5203 3416 4179 2661 3898 7163 3023 7039 5860 78 7789 281 5620 6395 6711 2715 5405 4373 804 6073 8000 5956 622 7035 891 1374 7553 2098 6633 225 7705 947 6410 7702 4851 6790 6160 5118 6376 5555 7797 5034 5021 570 5708 655 2006 3442 6314 4162 1611 3729 5656 7027 3274 6121 6429 1224 2230 5030 4833 2165 2797 2081 745 7563 5199 216 7885 664 6061 853 3143 7455 6681 1930 7853 3060 4013 1230 7004 6065 7208 5541 7527 6813 5189 7716 2060 4233 3443 3642 5007 7000 489 5002 103 1662 3251 7338 5896 3122 2347 3959 3195 5185 3497 3948 4694 3216 98 1484 7177
Route 4: 5953 5441 6943 4795 555 6203 5326 3897 6580 4080 5884 2394 4207 4137 2726 7765 7368 273 4564 3096 6422 2775 6149 1516 6557 1021 602 1194 2708 3387 2043 1104 6779 5616 1041 1622 5283 6885 3538 3258 4926 4559 6929 7089 1587 5411 4027 1406 6851 7710 6030 6893 685 1784 6489 1708 5182 1192 146 316 4873 2278 3281 3563 5836 5433 494 5023 4660 5967 3246 5154 1390 7850 1408 5112 2439 5715 7468 3650 706 1688 4247 4 317 5951 2928 276 4251 4047 4115 7055 1994 4225 7517 1180 6262 6720 1034 4852 7713 2967 3113 4117 5287 4856 4583 3787 1106 3579 3976 915 221 7871 7094 953 7232 3949 3347 1830 186 4009 4481 4286 5404 5200 5804 247 4264 4473 7085 3565 7076 1679 168 2236 5349 5519 6845 3008 6536 4944 7810 5893 6616 7857 5057 7934 2223 395 599 2651 5746 4657 897 7495 7519 2677 5339 7029 6443 6596 4819 4020 1899 1028 3845 5687 6264 1681 4456 4416 5379 3968 992 7538 3326 3969 7467 6653 7184 5176 7660 5805 4260 6236 3972 2800 7776 5522 543 6054 3516 4197 5259 210 564 2983 694 6231 176 6972 2127 4787 4553 3760 4054 5606 269 2638 7657 7220 220 5159 5440 2701 3857 5763 7739 109 4888 4005 1163 6574 5305 166 2528 4238 6252 2629 3704 1960 1838 5109 3560 7770 2289 7952 6647 4621 7633 2032 7026 5827 5295 6126 7345 4653 5015 5729 2318 2470 818 1549 4059 3048 3448 1420 6249 5921 5817 354 7826 795 1760 7032 40 5331 4262 3806 5772 1908 4327 5668 4521 5490 583 4241 4094 1013 7206 4111 1061 32 3469 5745 1133 4600 7280 6427 1737 4218 1331 7450 455 3030 7014 7946 5787 3634 2942 5179 7382 7533 5735 3346 3198 7434 6408 2444 604 6776 7202 2361 1103 4163 1497 3679 5703 3108 7316 1532 1471 2857 6995 983 3162 6081 1988 3286 911 6945 1887 6620 35 4704 3548 1839 7152 1518 5777 561 4150 1204 2848 7403 2413 7989 1169 5383 6730 6493 1150 7759 420 683 7754 740 5820 2716 5797 1423 268 306 6009 5378 892 1016 349 7929 6977 2862 5482 1006 5812 5314 7024 7511 6024 2198 5595 616 3523 2263 3607 4556 3065 1271 3974 4797 1210 441 6415 7937 2711 4136 2146 3123 1113 6235 2017 5627 4240 4975 1234 7488 4181 3036 4118 3774 7786 7814 4252 128 1833 5078 2481 1970 4511 3935 6512 809 7433 551 2010 7858 7985 6198 7959 2499 7469 6473 984 6471 5351 3452 884 4037 5644 6719 3013 1991 151 3350 6122 5661 6853 6133 5650 6358 248 2671 2472 6058 7949 5406 5410 6154 5689 4439 6892 6880 1047 746 6091 4028 6079 2216 4619 6284 7972 3783 4522 6414 970 3239 6648 3880 4815 246 3425 351 864 6834 6577 154 1260 7216 7405 899 7348 7086 5568 1467 4575 5156 1973 4042 1376 2867 5377 4295 6372 5635 6285 2080 1404 7462 591 4198 29 1813 3336 6706 7107 4847 7874 3876 2210 7546 4871 3400 1227 6847 1983 1280 5210 7326 2631 2314 7665 960 5408 4049 1240 5643 4499 2733 5335 1644 3191 7145 4677 7655 1823 4261 205 3074 4489 7336 2956 313 6753 2092 3167 5053 5373 7197 7084 4235 462 2343 5762 1901 4464 4613 4329 6302 1492 1720 5230 5423 1873 2658 4766 1223 7935 2567 4690 5166 4901 3284 6029 1443 2035 2727 5844 7963 1631 2000 4605 4865 5360 2306 3177 5938 1394 375 674 6207 567 7064 6045 7113 7303 2491 2946 5719 6475 2608 6071 7905 3042 6457 2707 7407 5073 540 6899 2488 4043 5822 2322 5027 624 2178 794 4296 3413 7288 4538 5481 5623 47 5104 5694 4081 6901 1352 765 1036 2663 1152 4153 3661 3333 2637 1888 2885 5559 4573 3951 2058 2328 2881 1060 2329 2475 1203 1008 3490 152 1870 2855 3791 6670 5678 754 7830 3590 5391 2233 1814 206 1236 7772 4184 5814 7788 4689 418 7785 2415 5709 7718 1424 4533 2888 5005 5006 2096 4170 4067 1596 1894 1225 3708 720 5364 772 5859 7187 2139 7882 1055 3618 532 6594 6048 1583 6662 1623 7130 4160 2577 3329 5279 675 3440 7763 295 6937 3017 6430 4076 6343 12 3016 6485 5530 1893 6505 2761 3554 111 2242 2417 2615 3874 2770 7697 4707 4492 5144 747 4623 2823 1871 1284 1907 4257 5539 3980 4892 7536 2141 6277 1561 2277 2798 5979 919 3391 790 3181 2948 3829 1867 630 5757 5982 4217 1627 1650 7120 6584 2693 445 6889 2643 87 180 5496 647 5538 3185 6873 6273 3318 429 5609 5890 5301 54 6439 7752 958 6449 6271 4597 7923 6152 3097 7522 562 3049 5417 728 7261 7168 6245 3782 7729 3252 19 3542 1996 3470 4369 4249 4193 6484 872 5466 4186 3997 7689 4941 2699 738 6068 2071 7471 3793 7845 4259 7381 414 4596 727 1910 1666 5711 2201 5700 7811 2924 4004 30 552 7324 4969 5402 6952 3297 2280 6347 4580 6981 2939 2512 1051 951 3641 5885 1116 2952 5032 3038 2105 6173 524 1696 7172 6674 1427 6072 2405 6817 2025 4430 4073 4342 7612 4288 6197 1387 6260 3066 1609 4343 385 3215 277 5385 1118 7321 4535 5610 6174 4692 7286 6573 2013 1510 2229 6500 6526 5356 3403 4339 218 2596 6025 5897 5790 486 5309 5474 5657 6582 4708 6707 7106 6947 792 6462 118 178 6050 5010 5368 7460 1862 3100 3445 4698 7067 1794 3849 5899 7449 3491 5048 3337 7088 3837 6926 632 2960 3763 5206 4303 6163 4716 1329 708 2826 6166 6310 7077 2046 7098 6549 3315 6667 7186 4514 6301 7750 7269 4503 869 1064 541 6391 614 2114 631 177 5770 2179 3093 3051 7164 4801 1405 121 7957 1159 778 1463 1030 195 3649 7529 3399 4267 3653 5077 514 6051 488 4567 1268 2634 4546 5160 1835 610 4736 7831 5981 175 4684 7925 3483 1182 7250 2428 4356 3926 3422 6752 311 1963 4300 1336 1261 5690 2556 3474 2067 6026 135 5586 505 938 5361 4590 2647 5583 5421 7244 5355 3072 1636 3545 7006 5415 3172 2082 4321 6608 5905 7452 5794 5244 6678 1481 7774 2360 817 6523 2936 6827 996 3292 130 6442 3645 6553 2692 6764 1979 2757 320 5707 2134 5319 4563 976 1566 7017 7550 1715 2941 6093 6095 1905 4220 5234 4909 6083 507 1458 2311 4394 194 5451 4132 3356 7639 4840 6387 6762 4445 1941 282 597 2691 3864 1745 886 1401 1246 2903 5603 7817 183 1820 5111 4442 7432 2154 966 3804 1567 4697 7834 6621 820 5959 2891 558 7472 2670 476 6459 985 4849 5365 3223 7643 1723 475 1421 126 3500 6175 7454 5636 6781 6356 5457 1300 147 1248 5619 3037 3982 6465 5133 5580 6987 5429 827 880 6915 3895 7414 7681 7192 2659 6902 1202 498 5080 4639 7489 6012 3012 6483 44 6871 4884 4255 2454 492 7879 4775 816 925 7040 7543 3278 7453 7962 566 4751
Route 5: 3102 3992 485 3265 5516 7521 3110 490 3293 1591 3213 4627 2312 7728 1054 5320 979 4040 6874 192 5517 3225 5228 20 2257 5369 879 5683 6721 26 5311 254 27 326 5549 901 3136 7427 518 2478 3551 6194 421 5552 6757 4039 4863 7505 6299 6796 1102 5819 1334 3512 1962 3663 6754 5447 2599 1351 823 1461 3744 266 305 7669 3665 4187 7955 4688 4672 1655 5 5593 2545 7047 7235 605 4185 7602 2558 4053 3998 974 3235 7924 6436 2303 3770 1265 6586 6458 6088 6209 4629 2102 6039 713 7352 3950 2431 623 6564 2592 4652 5926 3476 1657 1243 3210 4495 6651 2764 3706 5664 3975 7299 2930 5040 6234 4669 7769 5049 517 568 5506 1676 4947 5157 6077 100 1563 470 2040 6219 412 4595 5008 6112 1525 1442 4359 1121 189 212 4068 6291 13 5190 2390 7279 4101 7942 3271 5527 2703 4371 59 5810 4114 5215 6832 242 4441 501 6654 3636 1965 6724 6872 5601 3412 3931 3547 1595 1620 6381 6950 1815 3823 6912 7761 3901 5803 2507 141 6049 2915 2568 6838 1053 7503 4842 1468 7819 5744 1866 3726 5493 6300 7165 204 7827 7151 5574 1272 132 6996 3109 511 7975 3891 4471 4790 7169 5751 5872 7556 7971 1149 1434 7217 5529 2219 5413 5640 439 5270 325 7191 334 7378 2794 3268 6394 4151 4555 3395 7483 3322 7561 1940 7803 5607 3676 7109 658 1433 1711 7012 6761 4167 404 636 1630 2574 4340 2806 94 504 4718 4411 4347 4977 4333 940 4105 6351 4838 6448 6287 6312 6890 5294 6156 3334 678 4730 4008 5750 1756 4913 4413 6642 5218 2241 3481 922 6801 1841 90 4427 1094 909 5336 3456 4548 4110 7363 332 2468 4731 7364 7804 372 2681 4864 4424 1469 4440 1495 5265 2560 6440 7260 99 7542 4914 2853 6238 3129 3610 5289 6852 3193 7019 2490 4337 2008 6420 844 2573 2542 5004 2237 643 5966 3575 1429 7063 4048 7461 977 7001 2990 2057 4175 4041 5843 377 3115 3253 2079 3339 1757 5779 1624 1370 6063 2613 5268 6043 2678 6879 7487 2305 1290 4425 4434 1734 2875 2832 7385 7960 3673 2181 7528 4771 7257 1939 4881 3299 3826 593 5649 2863 391 3710 1366 5273 2019 1141 1530 2876 1868 1526 2302 641 7595 463 1601 926 2066 4701 7325 4108 5387 1728 2540 6263 7479 5837 6210 369 1553 6020 6956 4923 7570 4120 1251 3349 2630 618 5484 764 3112 5096 7005 1849 862 3713 2908 5083 7476 559 4236 2843 1828 2851 726 93 3561 6275 7149 2056 7296 3304 1400 3952 1205 7291 3786 5876 236 3248 3458 6699 1071 456 7683 3852 4351 3211 1702 2603 2195 1857 7714 3144 1674 1629 5303 4050 3208 1448 3953 3175 5207 6384 4829 1658 7237 4739 2565 3683 1384 1389 6224 4074 538 2238 2235 7464 4566 784 5682 1933 2142 2480 5880 1885 2807 280 4890 1474 1108 1349 4419 83 2969 1341 6007 797 3077 2526 370 6842 5864 846 5202 4760 4459 5932 1382 2892 4316 5523 1343 1318 1713 4204 1348 5841 625 3928 2115 4403 2501 7594 800 5397 7445 1317 1547 3854 5734 1964 7129 5291 399 6506 7097 1872 1918 3510 3508 7822 1831 3664 7535 4976 3 5663 6230 7700 4905 2254 1948 4389 3071 7311 6589 5565 6416 1010 5840 1090 1511 1538 6131 5131 4781 4138 6545 7547 4141 1372 4384 4418 2918 4761 2346 6969 2669 6161 777 4985 5992 5946 3466 7166 7176 1157 5724 6495 2781 461 2138 545 1667 4133 2505 5123 2976 294 2729 3099 4007 328 4014 4919 2494 4554 2248 2059 1607 7584 3886 590 7987 4982 1911 5461 7344 3904 5985 968 6418 5358 3958 1938 7506 4869 2157 5483 396 6402 5070 4245 1368 962 5028 5654 1455 6110 1186 743 1845 4387 2982 5579 4543 2700 644 3830 1765 2038 5629 5652 2391 5846 209 4221 4713 4651 5998 5450 1019 3280 773 2251 6382 466 1289 3785 2597 2204 1378 4112 1156 1759 7706 2872 7837 249 5055 935 5571 2787 6949 6421 6612 5325 2988 3621 6223 6548 7717 5299 1909 7664 3740 690 1137 1669 425 6728 1207 4674 3858 7828 520 771 1134 1275 2359 5087 5535 4244 1381 852 2042 3069 2709 2002 307 3694 4932 5945 323 7371 85 845 7671 646 2151 55 3091 6560 4148 1130 6104 3892 3095 1634 1298 4358 5128 6521 6488 2571 51 5427 2332 7867 4940 2184 1575 990 4650 1934 1170 2133 3680 5986 2954 5991 2189 95 1554 7302 478 5796 142 7429 2471 5589 1466 1877 3249 6992 929 5913 2190 2840 1817 4681 1154 7346 1200 7050 7133 1665 2319 3814 2849 6629 840 2183 3851 408 4561 7808 5165 3256 2621 2889 6868 6005 4002 6909 472 67 1851 6446 2281 4794 3515 6850 1638 7586 1460 7568 5577 3118 1749 5313 6491 5456 5865 1869 7605 1854 7634 4078 6139 5107 2559 619 7938 3377 3944 6908 6581 3672 6766 2752 3393 3699 384 4182 6946 4809 7417 7866 34 1931 3556 1407 1124 1937 1796 5839 4671 2907 2106 7628 2252 4964 6921 1902 3732 3092 941 5853 144 4599 3635 942 2124 2992 8 6959 296 4271 6456 3457 2623 4390 702 2385 7545 149 7704 6385 7820 6432 2304 6979 1608 7482 1386 3738 3366 6535 7862 6147 836 5781 97 3878 589 291 5624 2999 4557 2158 6883 6828 4654 211 4816 6208 1664 7305 7251 7293 5691 5515 587 3734 964 2539 428 2765 7003 3257 2094 1906 5060 4656 3685 7490 3600 7388 6689 1316 6265 6510 3267 6627 657 4328 417 5446 4277 4617 7090 6864 7312 3967 272 2224 5701 3380 2412 1686 6359 5170 7589 1848 5392 5693 4474 1932 6390 102 4444 3790 6729 5923 1632 3637 6568 7805 7902 2750 2991 5239 1770 3592 4159 2264 5605 6383 1022 6578 6524 7048 3960 4565 6392 5795 3879 5587 3441 1822 5699 2896 5671 6480 2890 963 1582 6177 912 6405 2812 503 4177 6492 6335 52 7400 994 5029 2220 1923 415 3546 5743 4208 6856 7748 3116 1402 2446 1432 6571 5977 5801 607 4956 1029 3200 3044 1790 3681 5434 3594 373 4858 6970 5174 7951 2914 302 5648 3289 1782 2011 7497 2645 2927 2836 6513 5478 1884 3019 1428 437 3991 1111 16 6976 7596 6298 5400 1392 2077 2129 3423 3633 6570 2504 6377 339 2053 360 4058 2680 3993 5537 7849 7513 5395 588 7222 1068 7065 3539 5245 6769 1955 7961 691 3128 3810 119 579 2193 6734 6481 6541 7812 2171 7423 2569 1491 1863 7994 6811 3623 2655 3206 4011 7020 972 620 3625 1345 1294 1557 2791 5352 722 346 4798 5904 6239 6290 756 4768 3619 3945 4518 7903 3981 4662 4275 1480 3360 1635 4807 4726 3259 113 5238 6609 673 2754 6190 7576 3842 1299 449 1915 2374 7895 4095 1097 2975 2581 2639 5504 3622 6554 6027 1188 1464 3154 5094 2449 433 1542 6371 1692 25 1505
Route 6: 4460 1346 3105 3157 2566 6643 7023 2995 829 3803 1081 1043 5363 5850 2778 6078 7730 3459 7999 2555 5783 4219 4083 7998 6875 6204 4703 1000 2579 1704 3028 5922 7136 7285 4933 6059 3462 3507 6666 7753 7735 1153 4010 2617 6997 6966 7298 125 6765 4381 7825 143 5692 4537 6111 4626 438 1628 2406 7733 627 440 2551 3471 3811 4722 4154 127 4169 2191 5879 1364 5227 1585 6563 4938 7074 5419 3890 3855 5949 6241 2211 5237 5161 4061 7734 7964 7525 789 635 2897 2550 4161 3809 1597 7083 2830 6056 5628 1456 3039 1741 3725 5532 6268 424 3272 381 2016 3870 174 4423 3742 3052 1976 4638 7267 7440 4641 6986 1266 1672 3567 2028 6680 870 6434 1961 2864 6962 1700 158 7712 2931 1535 5614 5784 5596 7698 6700 340 264 5288 357 3488 114 411 1753 1503 3007 1199 6630 2510 4280 5269 4866 6632 7173 5680 4706 4324 4594 629 719 878 7265 4446 3872 3599 6008 82 431 3505 4848 1799 4720 5059 1146 7117 5151 257 1257 3302 723 5572 2537 5110 4224 2476 7890 7760 5348 6677 4487 1445 5911 5216 4895 1883 115 6974 6960 2974 6518 7512 7408 5337 1826 3152 1120 159 1218 1025 1014 2736 3583 7056 1496 4679 7571 7647 1056 2457 1330 223 398 4721 2153 7185 4188 495 5235 3001 6546 1099 6810 2337 1315 1166 634 5513 1373 3723 310 2126 7183 6942 3250 4843 637 3374 4966 3410 7701 6022 2866 4036 2437 5569 5285 2616 5641 477 2530 4512 3342 4082 1531 1946 6168 4622 5036 2357 3178 7182 2400 6270 228 2342 3932 4616 3361 2295 6818 5281 3608 6895 2804 7508 4113 957 5001 3306 2831 512 5251 1221 6327 565 7537 6321 1787 5713 5971 278 4269 1855 5909 1411 502 2695 881 1155 2451 7610 3757 873 1167 2799 3671 4497 4936 6018 6532 6522 5883 5476 6476 134 5180 5576 1105 7673 7161 1740 744 3520 4918 2159 6782 3812 4092 4397 4298 3868 698 4810 5754 72 577 2598 7236 3690 7523 2684 3202 3465 7253 2014 7242 4501 4837 3695 6923 3617 6306 6527 5570 6750 5818 3605 6016 4302 5821 3317 3291 3151 5780 1032 1023 578 3073 89 2611 7578 7569 5509 7965 7384 569 4524 232 2294 235 3927 1100 6253 6841 5371 3427 4098 7601 5533 6824 5987 7771 799 5508 5526 5773 1916 6096 6146 4836 7143 3800 4199 7073 4119 1183 667 5009 5399 3655 5791 436 2731 2644 2734 2666 1661 263 3176 1707 5381 6567 1766 2698 2109 5718 6714 1026 7069 1592 1193 5968 5741 1748 6593 5401 6897 2397 2064 7013 7234 2589 1864 2086 807 7909 4287 231 471 2408 6881 5164 2585 7751 4485 5995 4285 5149 2845 5106 4734 7620 6201 2300 3933 5038 890 3104 3954 5672 5188 1528 4465 2213 2810 6704 5806 2697 4727 710 4897 2483 3834 3132 2838 7233 7856 6164 1499 7694 5138 3079 409 3564 1690 6733 3221 171 1705 5224 718 1861 469 6644 7656 4930 2548 1656 5882 81 4818 6183 1874 1981 750 7498 3351 4825 933 1743 4022 5050 5578 3045 3479 1312 7932 6819 1440 3905 2218 422 6221 2341 1048 7558 3432 6461 2182 454 5720 374 6014 2427 3182 7899 7300 2607 730 782 7884 4196 2977 3127 7644 2474 3120 3480 4062 57 6623 430 4984 776 2737 7448 3451 1027 2834 6808 7970 3888 145 1987 1307 4350 5870 3640 1614 117 1840 3550 1173 1256 3576 6140 2913 1472 3124 876 3963 534 4345 7375 642 7860 403 2293 6590 828 7415 3532 2108 2744 7118 2713 333 2324 157 5105 1827 1478 6348 251 7756 3883 2777 6346 2430 3453 5462 7773 1590 2906 6109 2745 2272 4780 2966 2835 7507 3355 1997 7518 3615 6936 2813 5639 6866 1148 4021 5774 5175 4540 2920 6771 6490 4786 5597 3365 4453 1797 4769 875 3316 7747 696 4661 7438 1959 733 5997 6406 3026 1736 2275 267 3414 1198 3161 2418 6675 7358 7214 6251 5722 3745 3869 7649 7125 7042 5117 998 3509 757 4695 5013 6244 4949 2860 5232 1769 3363 6858 7431 2037 4743 3553 14 6925 487 250 7337 995 4647 5153 3273 5058 58 5445 6090 7685 6922 1978 6672 39 4103 889 980 7557 7540 7564 697 3236 2926 3860 6799 5566 7402 2240 6070 4799 6898 1003 1479 1038 5993 3519 3631 4570 4229 2143 3794 7918 1009 2971 1084 3261 482 7876 7868 4748 1418 4391 1574 2170 10 5424 2624 450 6687 3098 3652 4997 4757 4033 327 5193 6982 2619 3372 3168 3529 1986 6920 3033 2814 7190 2365 516 5372 2155 4970 6370 4479 4493 234 7630 4737 1074 3388 5758 7502 3434 5169 5342 5256 7731 5688 3300 6604 2187 3004 4203 3283 7021 1250 7294 4719 5089 5500 7793 5194 3190 3473 7555 7677 7967 7128 3517 6787 1191 5323 3739 5370 6076 4367 1355 1783 7919 7768 3022 3078 3730 4915 5195 3119 3433 3840 5065 7061 7583 481 528 6941 3034 4393 335 6052 4030 4506 4921 4645 4376 6877 7486 4278 6745 4256 6397 1470 5430 5035 1588 4006 7883 1040 5948 484 2459 4971 7913 5868 4484 7532 7350 4325 6605 2646 7727 1340 6561 1444 2440 3087 3531 1160 4360 2769 3498 2801 2453 4395 3392 7636 666 5916 4908 3737 662 4477 681 6004 6844 7678 3675 5960 5181 6793 3133 3320 6983 4519 5830 4845 2746 4448 811 1804 6354 6576 6276 3352 5553 3978 4946 1522 435 2839 491 2452 2958 6806 1944 2495 1846 6649 5031 3521 137 6003 4212 1109 3418 4226 2245 780 1254 3384 6661 4331 3006 2091 3784 1752 6698 5145 6106 1397 4745 1917 6585 2378 1746 1550 3955 7389 2667 7091 2873 6116 2041 5357 1301 1824 1138 2403 7082 3983 7799 3269 1297 2827 5894 105 5728 6117 3426 7406 3749 4051 2768 4214 5918 5143 1449 3086 4714 1876 6336 1659 7390 4803 4281 4165 2676 3186 7863 459 4747 5095 2367 5958 2376 6137 7044 3724 6047 1999 6900 1093 7144 6741 1049 6339 3985 4988 1701 7189 1844 4401 721 4404 3930 1925 6767 3156 6357 7447 1369 3057 2049 3909 3912 5284 4755 1363 3566 1653 2588 2117 4129 5204 6759 2533 6525 2980 7241 2388 2144 5543 5723 3171 7016 7309 4510 4246 5673 920 5714 3629 3438 2789 4899 2136 5931 739 1722 4883 4330 1417 446 6737 916 5887 2174 5928 3534 3417 689 6552 5716 4065 4294 191 2600 4776 1356 4584 2925 352 2045 3577 2657 5108 3295 3067 3234 3055 863 2584 7790 4826 4867 5835 4088 509 4313 4352 6250 7855 5962 3378 7243 3358 6365 6540 5632 6454 1078 1914 5891 751 331 7332 1241 3159 6087 4421 850 237 3659 1231 1142 949 7142 6055 6932 7912 4995 2650 6502 5322 1493 70 5386 2780 1697 2297 4989 3311 3296 5276 5307 7213 1559 3750 3279 2821 4868 2622 7720 7846 7492 779 5491 6773 3475 7319 92 7609 6822 5633 5327 841
Route 7: 4943 2276 3720 3424 4676 3700 6823 4614 3179 6788 238 4813 2270 4305 5196 3061 123 1763 1767 4855 7154 7510 2217 7273 7880 1660 2132 6860 7033 2185 6435 3209 7551 6999 4276 6353 5116 3199 4986 1803 4991 77 5142 2874 6786 1327 1791 989 3813 759 3984 3714 1069 4086 2917 3331 7572 3169 6695 2561 1012 3227 2261 2090 7239 7696 3582 7758 2137 4392 338 2246 155 5721 2689 5155 2301 2012 7209 6332 5511 4710 6739 7764 5877 5645 3917 1321 3893 6735 1037 7908 6618 812 7484 526 3435 7425 4107 7588 5064 7611 535 4273 5730 2167 3571 6572 1058 5799 321 3586 6971 923 1540 5262 5282 7045 442 4668 3988 5171 2720 7658 3628 7642 6331 4560 4353 3419 5247 7581 2396 4646 6386 473 5302 633 5769 366 5561 6635 3275 208 7238 6634 6237 5742 4523 6696 3788 2063 5124 5236 1211 6816 2774 7353 861 6159 222 7160 1255 770 4354 1693 7126 7054 1360 787 6989 4274 6155 7127 6193 1161 5018 5084 3125 7992 6172 7740 7979 3084 2742 6599 4643 2662 3362 3687 2307 7226 3325 6668 5732 2784 5119 6342 680 639 712 6499 7266 3544 5786 7621 6400 6595 6756 3313 181 6498 1165 7650 3194 3083 6833 5074 3616 7252 3486 749 5676 5092 3245 5674 7369 6474 6431 7331 4658 3941 515 905 1513 7983 2949 1565 5919 1501 2578 1264 2015 5669 2635 6080 6701 7231 580 7110 2728 4157 7593 2420 3731 6053 1216 536 1576 3660 2675 1927 6718 5472 1171 1091 2923 7926 6319 7847 3929 7295 5263 5321 4498 7807 3254 860 1279 3758 888 6792 5082 857 7707 7875 1811 3018 5091 5205 6676 6725 6803 7682 2460 1812 2101 5540 5573 468 4466 2878 2354 6624 2572 2714 5416 3919 5622 7859 5177 2865 7514 5341 3688 7059 4961 2532 6350 5072 4945 3540 7475 2093 4517 6894 4922 763 7646 695 5875 5775 2424 7795 2172 1509 50 7418 2051 6794 1114 122 5681 1477 7066 2177 2209 4821 1625 5920 1924 298 7104 2894 1982 2747 6261 3894 5809 6638 2753 49 3204 170 4767 7499 7976 4618 1694 6413 7562 6821 5825 4853 3149 2128 5488 5056 5217 7124 4379 575 6269 5915 1007 3222 4764 2432 5942 2349 4308 1792 448 1613 4270 6401 7043 2147 7781 2783 6815 7393 79 6317 1648 513 69 656 1579 3014 7956 6011 4307 7922 1083 1558 7437 4631 4569 982 7800 1537 5438 3114 825 6520 2381 6142 3861 1738 5647 5407 2299 539 4491 286 358 1490 1536 7599 1024 6242 837 6388 4079 939 904 5685 2819 2323 986 7457 7372 4248 4070 3464 6437 3487 808 3613 4399 7686 700 5738 7627 190 7910 4289 1311 7966 2654 965 5191 164 37 406 3850 7548 116 4805 6955 1212 5764 4116 6143 4680 6825 3743 3020 7049 5220 971 1673 6378 6702 705 839 7617 4756 3662 7737 4015 1507 650 3735 1488 4438 5334 6530 2150 1253 2333 7081 854 3638 2525 4633 6108 866 758 1891 7025 2496 6579 1197 530 7877 1413 4348 821 4415 6034 7099 5226 4715 7742 6659 2877 3839 5069 7383 796 2520 7060 6566 1001 5221 7310 1126 731 5999 2436 6775 199 6717 523 3276 3319 5197 4526 2423 1521 5677 5924 2356 4378 1176 1164 1063 1112 3005 185 3085 7111 6615 6129 626 3341 7057 104 2442 3527 4364 1067 1772 753 1127 1302 5867 1039 6862 734 1303 5590 1683 7842 2818 7916 1325 2194 7724 5208 3820 6292 1731 5789 3602 7978 5592 6352 6991 172 6297 1276 5354 6998 4315 7167 356 2696 7439 7504 6990 659 6641 5512 4250 5943 7268 1059 2072 2186 3201 5793 243 2945 6296 1184 7162 4850 3859 7887 3307 7802 4723 2421 7030 2793 6772 7360 5747 4792 654 6784 1033 7446 5328 4507 378 7435 6723 5471 362 6693 3943 5344 285 5955 1836 4516 5141 5274 4773 5582 3217 1856 5557 1706 3514 2447 3242 2996 3587 849 7199 7587 1201 748 3627 956 6438 2484 6588 2022 1117 2854 6657 560 6015 5312 4691 2262 2690 1235 3741 7567 775 5465 4954 5127 4778 4693 5229 752 2934 3106 202 7146 669 2529 3150 3697 5973 3648 5760 5866 5304 4069 5828 3354 7022 1388 5136 3444 3461 928 6727 5792 1958 4625 33 2212 6740 5900 6715 1292 1482 611 6501 4604 2538 1671 1344 6136 7840 4515 2933 2929 393 3232 7228 7150 4168 3979 6120 831 902 5198 6685 5260 2030 3076 3669 6798 2792 3140 5448 2479 3518 6220 2950 6917 1319 6153 701 3189 7861 7333 2628 2994 6944 4896 7347 999 1080 6671 7411 1654 6130 1612 244 3555 5898 4928 4544 5710 112 4542 4297 7560 7335 5954 7851 7779 4983 4696 6840 5845 7155 4149 2039 3330 1295 2462 1610 1409 2334 3747 7606 63 893 4820 703 3068 167 4931 2902 5101 5705 4587 5634 895 4044 4063 6101 6118 6861 2131 62 1544 1755 6340 5759 3431 5420 3896 7036 1750 2852 7746 3003 4380 367 2730 6282 7463 343 609 2247 7577 3369 5972 1984 3117 2089 3233 931 5396 7180 6040 4854 5521 961 6519 1515 6551 2269 2438 3755 3824 2642 7836 1158 1233 6288 2073 3831 329 5934 5514 1798 4173 3145 3237 3496 3446 7357 457 483 2180 6085 5100 7973 3188 7200 1328 5736 1953 7775 1886 7608 6849 715 2782 5994 21 1514 1222 6709 3581 1380 1447 4311 2817 783 6985 3285 2717 7323 3173 7823 7679 5990 3654 1900 7896 1361 4265 3040 3301 5470 4789 945 3314 2710 7757 2861 699 4874 4728 7792 382 7314 2656 5306 3965 4258 4910 3141 6425 1512 5807 6119 1898 275 2522 2110 4190 6539 6770 4942 4437 4100 574 6555 4326 549 3624 4568 4268 5219 7359 5167 1185 5717 3843 717 1621 3938 3776 5376 7575 4759 4031 1172 1196 2985 2722 7379 585 1324 5584 2665 2921 304 7478 390 1262 165 2387 7212 2850 1968 68 7028 3094 6807 921 6304 2168 4729 341 1775 6105 5630 3746 554 1781 3367 3090 3454 2847 6607 5753 6652 4859 2786 7783 1520 2320 7755 7119 3348 7465 2486 3230 2641 2893 5442 5670 3196 6939 4215 6038 4126 6716 7798 2973 7968 3733 6528 219 6216 2515 1393 7420 1144 6686 7598 7413 7940 7674 4886 6409 2503 1552 5547 434 1995 3717 4990 1751 6222 6556 5489 944 7516 2473 2688 3614 336 4893 4097 6839 4106 2003 2987 6171 5847 3609 1605 7619 2895 359 4500 4488 3357 1682 7171 5925 7248 7134 3703 2492 6975 6547 5824 6835 5621 5266 4414 3364 3263 4431 5594 785 686 1168 7397 2964 1020 3138 3916 6295 361 6789 1177 2244 1101 3574 6935 4953 2399 527 3015 5025 7832 842 1274 5051 4309 3502 299 4102 5257 6115 7651 7287 6478 6344 2554 2411 3853 3401 7078 2652 7900 3769 4017 2292 7493 2344 6603 1354 5324 2704 1727 4796 2463 6373 7931 6411 542 7313 4144 6468 1586 2443 6031 3596
Route 8: 1677 1903 3021 5602 4176 924 3463 851 2898 4527 7958 767 2379 5961 2370 3404 521 2068 3841 6914 4513 3224 3644 5863 364 6463 741 6916 6389 4889 2163 1850 4958 2372 4635 1878 3632 1044 3139 7524 6645 3513 6205 4547 460 2383 31 7442 4705 7301 5785 7886 4490 4536 6247 6021 5726 3751 2458 2382 3977 2679 6967 5183 548 5855 4024 531 5646 4804 4211 5659 4494 3939 197 2380 3375 5698 7743 6736 1249 865 4870 259 2575 5222 6479 4223 7087 6948 3557 3264 7072 3569 1399 601 5075 7334 7778 3389 4029 7738 4828 133 6113 7787 7996 4194 1739 4606 6280 1215 7897 6396 4981 6533 1881 4349 6910 4887 6181 5308 6329 7515 5310 4872 3940 7635 2266 2901 3203 5249 17 6102 4648 5615 4463 2547 4382 858 1942 4894 458 1718 2899 6176 2052 6086 2061 3795 2870 6760 1529 1904 4341 193 6084 5152 6669 7901 7585 423 5437 856 6098 6289 7695 1283 2288 5834 2222 7662 2007 5755 6123 6918 5186 1593 4700 3228 1436 6543 1403 2620 3808 3728 3899 2502 2386 410 2594 4357 5225 7391 1151 7070 7954 5767 7156 6777 5479 676 7687 2809 1465 1936 4025 692 6888 2162 4322 584 6002 4332 3406 7603 3756 5316 2326 6854 2919 7881 5264 2668 2570 594 7844 3054 2335 5507 1768 1088 227 2366 3682 2968 6379 4615 2371 874 1949 5345 2317 2705 5702 1508 7645 3689 1640 383 1889 671 2912 4609 1263 6477 6303 5811 173 725 533 416 7969 2953 150 7878 6857 6033 5453 7554 6309 3718 201 3309 4952 781 6933 4124 5766 2414 7224 2020 3142 1808 1678 1162 3591 2351 5927 1615 4178 7058 550 4346 5838 3484 6228 7278 6114 6184 1989 7428 7092 5502 4306 2963 5443 5130 4320 3207 7824 2564 217 3011 3825 5802 1956 4293 2166 4374 5054 6863 563 5422 7496 4955 5851 900 2065 1865 499 1785 3802 7373 2940 6132 4166 348 6517 2265 6225 3229 4824 3651 2221 427 917 3308 1087 4907 3604 7258 4128 3163 432 7459 1685 5800 7981 6307 7684 5653 6467 761 7193 4122 7399 3002 1913 2636 3970 7317 5414 1560 3220 2612 3646 4960 5192 5910 6067 4879 3796 596 4338 1773 6743 4363 3882 4291 7401 988 2951 6820 7221 7007 2402 1548 7292 7711 3925 5551 7466 2844 3584 7426 2516 4539 7441 1603 4902 5665 4435 6800 2743 7034 6445 5881 1637 7675 5858 1943 7928 3243 5856 4447 4581 6494 3472 2113 3752 2740 6374 5115 2602 464 3024 6355 3046 3537 2027 2465 7509 5976 6783 6246 7131 6313 43 5503 6482 3321 7052 7139 1569 1821 5957 4237 1419 2435 1573 3241 2099 2205 1604 4675 4192 7945 7392 6747 4531 4016 1807 36 7843 2389 3921 7282 3906 1320 1125 342 4077 1818 7366 649 4422 3270 4508 802 6010 1618 3789 4087 1365 2169 3828 23 2274 3219 3530 3053 2350 2258 5771 3768 2197 1853 6089 2267 5625 5122 4172 6830 3501 6281 2001 628 7102 3707 1119 2455 7365 4130 7174 2325 1974 4967 5168 4057 71 1132 4064 7691 1687 7806 5510 5114 7474 553 452 6075 3832 7276 936 1252 6837 5756 5617 7436 1534 5826 1291 1578 1998 6361 4832 1042 353 5494 2552 2369 6529 2910 7223 5965 2284 4152 4916 3029 4231 4319 1897 4085 798 7947 5655 7456 5389 1140 4409 2909 3027 6691 2627 5939 207 198 7386 2130 3907 3598 2348 48 7304 3485 4019 4582 7888 5933 1754 5033 1217 5761 397 1457 256 1213 1642 5046 7327 4841 7986 4549 3430 5293 4336 2626 6600 7777 3439 1245 4461 5097 7703 5908 2121 1643 1494 101 1489 1703 6614 5854 2762 162 7948 6713 1379 6658 5902 556 7481 2517 898 7277 615 6639 3126 2884 1416 7654 4482 3722 3778 2456 967 5346 6125 6619 7008 1136 2771 7404 885 7219 4788 7680 7207 2706 5651 6200 7101 24 1801 3262 7582 5499 4835 6964 1077 1523 1385 4213 5907 4528 6542 4377 5613 7410 7991 2785 4386 806 5103 465 6497 4127 5808 7813 480 1350 5733 2779 7071 1045 38 5941 5063 3382 7839 4210 7552 3937 6196 6712 868 665 1285 894 4469 7604 6575 6082 7205 6906 2352 2373 5536 4428 2160 230 4139 6094 2590 1305 2074 318 4400 6259 1890 6911 239 4038 4742 6731 6903 7320 6328 1541 7419 2965 6749 1882 1816 3332 2260 3799 1473 1338 1806 4383 1332 2050 5548 7990 6398 1238 969 4433 7380 4939 679 4310 1035 1323 7984 4999 5903 4093 467 6965 3766 1709 7210 1599 7809 1342 4191 4937 2686 7170 7041 2234 4800 3946 1357 2200 45 573 1747 138 1287 3160 7939 677 2097 2055 6963 6419 1273 4957 169 1774 1347 3759 6229 324 2384 1777 5467 2970 1788 6882 292 608 4935 4857 2937 762 6870 4018 6562 6233 7473 6843 510 5737 7218 3754 322 2207 3781 2119 7458 4449 6751 7526 6417 124 4659 5178 3702 4254 3668 3684 5473 3063 3205 6042 1977 7941 813 388 5099 4585 6655 7264 7632 2273 4530 7175 3677 1641 7329 3282 793 3922 2687 2024 6243 2395 6953 5842 6846 7409 4709 6399 5731 4607 4334 3455 1179 3987 1145 7263 5947 5929 73 4740 651 5544 2563 3847 5241 1228 4588 5878 7699 5272 3506 3923 4666 1437 2633 7950 4586 1244 3643 2004 42 6587 2712 214 525 1714 7075 6316 6375 6066 4968 2353 3340 3111 6191 2005 7741 2327 6257 7835 7615 1281 2202 6199 4090 7624 3411 7297 4450 4145 4164 3767 5684 6591 7688 3244 6891 2944 5739 7038 4366 7930 6311 4758 5329 7904 5588 1935 2464 4398 4410 7339 7723 6195 6785 297 7362 5768 3956 4741 3467 2869 1680 7501 7416 1314 5598 2336 241 4171 2485 6640 6514 4860 5575 405 2398 4732 4312 4903 7138 330 2135 6665 621 1322 877 3999 855 2148 2448 4458 392 4468 4900 4611 3541 955 1219 7342 5398 1129 2286 6673 1333 253 1131 1031 6867 2450 1786 3081 6044 4480 7121 598 3324 3865 265 760 3353 6869 5816 5079 4202 7732 2250 5944 838 3174 5214 661 5139 6758 4284 2296 5889 3715 3323 5019 1214 5475 4735 5892 6151 7354 4035 2228 4762 2961 3667 5382 803 4123 6738 930 6320 7370 7230 2410 7194 4830 5626 6613 6780 3558 5455 1326 6404 3911 5068 4576 1524 5012 2192 3405 4084 5477 1725 7573 959 5813 5428 1837 6213 4987 7648 810 660 2175 4003 3807 687 1921 3130 1277 6466 4072 5989 2419 7188 283 3212 3846 1712 6217 6814 4314 3639 2721 3957 786 716 2986 1800 1832 6795 2445 289 7676 2922 522 1232 1269 4624 6308 7580 2225 5679 1698 6886 907 1070 4591 401 5468 1181 4470 4134 5984 4876 1002 1733 2739 3838 5706 6622 906 2587 4283 290 3871 4532 2582 4142 22 1947 546 2719 5071 3298 3593 7485 5173 7744 3059 5076 4282 187 7614 5637 832 3383 5952 258 3656 600 4060 6778 5278
Cost: 9232.439
best cost: 9232.439
